0.000000
0.967264
1.877215
2.547020
3.184584
4.724896
6.018697
7.277781
10.083818
11.485213
12.203380
14.600911
15.672973
17.166195
17.887084
18.856519
21.457625
22.201594
23.514464
24.213031
26.841358
28.056001
29.228230
31.585327
32.562365
34.943792
37.668722
38.497145
39.269405
41.388945
43.445685
45.230002
45.965973
48.416314
49.165873
51.046507
51.636479
53.067410
53.849009
56.082370
57.266596
59.293207
60.955406
63.407934
64.547487
66.812535
68.934939
70.076856
70.788637
71.345985
71.668322
73.070721
74.453513
76.583212
77.767161
80.470641
82.855432
84.090360
85.463683
86.183369
88.494056
89.750821
91.590976
92.732630
94.325711
95.380694
97.593684
99.571866
101.022991
102.535795
103.444253
104.959032
107.043818
109.704204
110.478886
111.361323
111.800392
113.633945
114.950502
116.555348
118.693191
121.001683
122.950887
125.126103
126.072439
126.830635
127.741947
128.313865
130.078068
131.917757
133.219075
135.359836
136.648671
137.453521
138.228239
139.163182
139.883736
