3.201455 2.020502 3.396548 1.039717
3.207612 2.021789 3.402719 1.041007
3.213549 2.023068 3.408697 1.042294
3.219256 2.024333 3.414480 1.043574
3.224722 2.025577 3.420070 1.044843
3.229938 2.026795 3.425467 1.046097
3.234895 2.027979 3.430673 1.047331
3.239584 2.029124 3.435688 1.048541
3.243999 2.030224 3.440512 1.049723
3.248131 2.031273 3.445146 1.050873
3.251974 2.032266 3.449589 1.051986
3.255524 2.033197 3.453843 1.053060
3.258774 2.034062 3.457906 1.054090
3.261721 2.034857 3.461780 1.055073
3.264361 2.035576 3.465462 1.056006
3.266690 2.036218 3.468954 1.056887
3.268706 2.036778 3.472254 1.057713
3.270407 2.037254 3.475362 1.058482
3.271791 2.037644 3.478276 1.059194
3.272858 2.037946 3.480995 1.059846
3.273607 2.038158 3.483518 1.060438
3.274039 2.038281 3.485843 1.060969
3.274154 2.038314 3.487969 1.061440
3.273954 2.038257 3.489893 1.061850
3.273442 2.038111 3.491613 1.062201
3.272619 2.037878 3.493128 1.062493
3.271489 2.037559 3.494434 1.062727
3.270056 2.037155 3.495529 1.062906
3.268325 2.036671 3.496409 1.063030
3.266300 2.036110 3.497073 1.063102
3.263987 2.035474 3.497516 1.063124
3.261392 2.034767 3.497736 1.063098
3.258524 2.033995 3.497728 1.063026
3.255388 2.033161 3.497490 1.062911
3.251994 2.032271 3.497018 1.062754
3.248350 2.031330 3.496308 1.062559
3.244467 2.030342 3.495356 1.062326
3.240353 2.029314 3.494159 1.062059
3.236020 2.028252 3.492712 1.061759
3.231478 2.027160 3.491013 1.061426
3.226740 2.026045 3.489058 1.061063
3.221816 2.024911 3.486843 1.060671
3.216720 2.023766 3.484366 1.060249
3.211464 2.022614 3.481622 1.059798
3.206060 2.021461 3.478609 1.059319
3.200523 2.020311 3.475325 1.058810
3.194863 2.019170 3.471767 1.058272
3.189096 2.018041 3.467932 1.057703
3.183234 2.016931 3.463820 1.057102
3.177289 2.015841 3.459429 1.056468
3.171275 2.014777 3.454758 1.055799
3.165204 2.013741 3.449805 1.055095
3.159089 2.012736 3.444571 1.054352
3.152942 2.011765 3.439055 1.053569
3.146774 2.010830 3.433258 1.052745
3.140597 2.009933 3.427180 1.051878
3.134422 2.009076 3.420822 1.050966
3.128260 2.008259 3.414185 1.050007
3.122120 2.007485 3.407271 1.049002
3.116014 2.006752 3.400081 1.047948
3.109949 2.006063 3.392619 1.046845
3.103936 2.005416 3.384885 1.045693
3.097982 2.004812 3.376883 1.044492
3.092097 2.004250 3.368616 1.043241
3.086286 2.003730 3.360086 1.041943
3.080559 2.003250 3.351297 1.040597
3.074923 2.002811 3.342253 1.039206
3.069382 2.002410 3.332957 1.037771
3.063945 2.002047 3.323413 1.036295
3.058616 2.001719 3.313625 1.034781
3.053401 2.001427 3.303599 1.033232
3.048306 2.001167 3.293337 1.031652
3.043334 2.000939 3.282846 1.030046
3.038491 2.000741 3.272130 1.028418
3.033779 2.000571 3.261194 1.026773
3.029204 2.000427 3.250043 1.025116
3.024768 2.000307 3.238684 1.023455
3.020473 2.000210 3.227122 1.021794
3.016322 2.000133 3.215363 1.020142
3.012318 2.000076 3.203414 1.018505
3.008460 2.000036 3.191281 1.016890
3.004751 2.000011 3.178972 1.015305
3.001191 2.000001 3.166494 1.013758
2.997779 2.000002 3.153854 1.012257
2.994515 2.000015 3.141061 1.010811
2.991398 2.000037 3.128122 1.009428
2.988427 2.000067 3.115048 1.008116
2.985597 2.000104 3.101846 1.006884
2.982907 2.000146 3.088526 1.005739
2.980353 2.000193 3.075100 1.004692
2.977930 2.000244 3.061576 1.003748
2.975634 2.000297 3.047966 1.002916
2.973458 2.000352 3.034282 1.002204
2.971396 2.000409 3.020534 1.001617
2.969442 2.000467 3.006735 1.001163
2.967588 2.000525 2.992898 1.000846
2.965825 2.000584 2.979035 1.000671
2.964145 2.000643 2.965158 1.000644
2.962539 2.000702 2.951283 1.000765
2.960997 2.000761 2.937420 1.001039
2.959511 2.000820 2.923586 1.001466
2.958068 2.000880 2.909792 1.002046
2.956661 2.000940 2.896053 1.002778
2.955277 2.001001 2.882382 1.003661
2.953907 2.001063 2.868792 1.004692
2.952541 2.001127 2.855297 1.005866
2.951169 2.001193 2.841910 1.007180
2.949781 2.001262 2.828643 1.008626
2.948368 2.001334 2.815509 1.010199
2.946921 2.001410 2.802520 1.011890
2.945431 2.001490 2.789687 1.013693
2.943891 2.001575 2.777021 1.015596
2.942292 2.001666 2.764532 1.017593
2.940629 2.001764 2.752232 1.019671
2.938895 2.001869 2.740128 1.021822
2.937084 2.001981 2.728231 1.024034
2.935191 2.002102 2.716548 1.026297
2.933212 2.002233 2.705088 1.028601
2.931143 2.002373 2.693859 1.030933
2.928981 2.002525 2.682866 1.033284
2.926723 2.002688 2.672118 1.035643
2.924367 2.002864 2.661619 1.038000
2.921912 2.003054 2.651377 1.040343
2.919356 2.003257 2.641396 1.042665
2.916699 2.003476 2.631681 1.044953
2.913940 2.003710 2.622237 1.047201
2.911080 2.003961 2.613069 1.049399
2.908120 2.004230 2.604181 1.051538
2.905061 2.004517 2.595577 1.053612
2.901903 2.004823 2.587260 1.055613
2.898649 2.005149 2.579235 1.057534
2.895302 2.005496 2.571504 1.059370
2.891862 2.005864 2.564070 1.061114
2.888334 2.006254 2.556937 1.062763
2.884720 2.006667 2.550107 1.064312
2.881024 2.007103 2.543583 1.065756
2.877249 2.007562 2.537367 1.067094
2.873400 2.008046 2.531462 1.068323
2.869480 2.008554 2.525870 1.069442
2.865495 2.009087 2.520594 1.070448
2.861449 2.009645 2.515634 1.071342
2.857348 2.010227 2.510993 1.072124
2.853198 2.010834 2.506672 1.072794
2.849005 2.011465 2.502673 1.073353
2.844775 2.012121 2.498997 1.073805
2.840515 2.012800 2.495644 1.074150
2.836233 2.013501 2.492616 1.074391
2.831936 2.014224 2.489912 1.074533
2.827633 2.014967 2.487534 1.074578
2.823332 2.015730 2.485480 1.074530
2.819042 2.016509 2.483751 1.074394
2.814774 2.017304 2.482346 1.074175
2.810536 2.018112 2.481263 1.073878
2.806339 2.018932 2.480500 1.073506
2.802194 2.019759 2.480057 1.073066
2.798112 2.020591 2.479931 1.072561
2.794104 2.021426 2.480118 1.071999
2.790183 2.022259 2.480616 1.071382
2.786360 2.023088 2.481422 1.070715
2.782646 2.023907 2.482531 1.070004
2.779055 2.024714 2.483940 1.069252
2.775599 2.025503 2.485643 1.068463
2.772289 2.026271 2.487635 1.067641
2.769138 2.027013 2.489913 1.066788
2.766158 2.027725 2.492469 1.065907
2.763361 2.028402 2.495299 1.065001
2.760757 2.029040 2.498396 1.064071
2.758359 2.029634 2.501754 1.063118
2.756176 2.030181 2.505368 1.062144
2.754219 2.030675 2.509230 1.061149
2.752497 2.031113 2.513336 1.060133
2.751019 2.031492 2.517677 1.059097
2.749795 2.031807 2.522249 1.058040
2.748831 2.032057 2.527045 1.056961
2.748136 2.032237 2.532058 1.055861
2.747715 2.032347 2.537284 1.054738
2.747574 2.032384 2.542715 1.053592
2.747719 2.032346 2.548347 1.052422
2.748155 2.032233 2.554174 1.051227
2.748885 2.032043 2.560190 1.050007
2.749912 2.031777 2.566390 1.048761
2.751240 2.031435 2.572769 1.047490
2.752870 2.031018 2.579323 1.046192
2.754804 2.030526 2.586046 1.044869
2.757043 2.029963 2.592935 1.043521
2.759586 2.029330 2.599985 1.042148
2.762434 2.028629 2.607192 1.040752
2.765585 2.027863 2.614551 1.039335
2.769038 2.027037 2.622060 1.037897
2.772790 2.026154 2.629715 1.036442
2.776840 2.025218 2.637512 1.034972
2.781183 2.024234 2.645448 1.033489
2.785815 2.023207 2.653520 1.031996
2.790732 2.022142 2.661725 1.030498
2.795928 2.021044 2.670060 1.028997
2.801399 2.019920 2.678522 1.027498
2.807136 2.018775 2.687109 1.026004
2.813133 2.017615 2.695819 1.024520
2.819382 2.016447 2.704648 1.023050
2.825875 2.015277 2.713595 1.021600
2.832601 2.014111 2.722657 1.020173
2.839552 2.012956 2.731833 1.018774
2.846717 2.011818 2.741121 1.017409
2.854085 2.010703 2.750518 1.016080
2.861643 2.009618 2.760023 1.014794
2.869380 2.008568 2.769634 1.013555
2.877281 2.007558 2.779350 1.012365
2.885335 2.006596 2.789168 1.011231
2.893526 2.005685 2.799087 1.010154
2.901840 2.004829 2.809105 1.009139
2.910262 2.004035 2.819221 1.008187
2.918778 2.003304 2.829432 1.007303
2.927370 2.002641 2.839737 1.006488
2.936024 2.002049 2.850135 1.005744
2.944724 2.001529 2.860623 1.005072
2.953453 2.001084 2.871198 1.004473
2.962196 2.000715 2.881860 1.003947
2.970937 2.000422 2.892605 1.003495
2.979660 2.000207 2.903431 1.003117
2.988350 2.000068 2.914335 1.002811
2.996991 2.000005 2.925315 1.002577
3.005568 2.000016 2.936368 1.002413
3.014068 2.000099 2.947490 1.002318
3.022475 2.000253 2.958679 1.002290
3.030777 2.000474 2.969930 1.002327
3.038960 2.000759 2.981240 1.002426
3.047012 2.001106 2.992606 1.002587
3.054921 2.001509 3.004022 1.002805
3.062675 2.001966 3.015486 1.003080
3.070263 2.002471 3.026992 1.003408
3.077675 2.003021 3.038535 1.003788
3.084902 2.003611 3.050112 1.004216
3.091934 2.004235 3.061717 1.004692
3.098763 2.004889 3.073345 1.005212
3.105381 2.005568 3.084991 1.005776
3.111781 2.006267 3.096649 1.006382
3.117955 2.006981 3.108314 1.007028
3.123899 2.007705 3.119980 1.007713
3.129605 2.008434 3.131642 1.008436
3.135070 2.009164 3.143292 1.009198
3.140288 2.009889 3.154926 1.009996
3.145256 2.010606 3.166537 1.010832
3.149971 2.011310 3.178117 1.011706
3.154429 2.011996 3.189661 1.012617
3.158629 2.012662 3.201161 1.013567
3.162570 2.013303 3.212611 1.014556
3.166249 2.013916 3.224003 1.015585
3.169668 2.014499 3.235330 1.016657
3.172826 2.015048 3.246584 1.017771
3.175724 2.015561 3.257757 1.018931
3.178364 2.016035 3.268840 1.020137
3.180748 2.016471 3.279827 1.021391
3.182879 2.016865 3.290707 1.022695
3.184761 2.017217 3.301473 1.024051
3.186399 2.017526 3.312114 1.025460
3.187797 2.017792 3.322623 1.026923
3.188961 2.018015 3.332990 1.028442
3.189897 2.018196 3.343204 1.030017
3.190614 2.018335 3.353257 1.031650
3.191118 2.018433 3.363138 1.033340
3.191419 2.018492 3.372839 1.035086
3.191525 2.018512 3.382347 1.036888
3.191445 2.018497 3.391655 1.038744
3.191191 2.018447 3.400751 1.040651
3.190772 2.018366 3.409627 1.042608
3.190200 2.018255 3.418272 1.044610
3.189485 2.018116 3.426677 1.046654
3.188639 2.017954 3.434833 1.048733
3.187674 2.017769 3.442731 1.050843
3.186601 2.017564 3.450363 1.052976
3.185431 2.017343 3.457720 1.055127
3.184176 2.017107 3.464795 1.057288
3.182848 2.016859 3.471581 1.059449
3.181456 2.016601 3.478070 1.061603
3.180012 2.016336 3.484256 1.063742
3.178526 2.016065 3.490135 1.065854
3.177008 2.015791 3.495700 1.067932
3.175467 2.015515 3.500946 1.069965
3.173912 2.015239 3.505870 1.071945
3.172352 2.014964 3.510468 1.073860
3.170793 2.014693 3.514735 1.075702
3.169244 2.014426 3.518670 1.077462
3.167712 2.014164 3.522270 1.079130
3.166202 2.013908 3.525533 1.080698
3.164720 2.013660 3.528457 1.082158
3.163273 2.013419 3.531040 1.083501
3.161864 2.013187 3.533281 1.084721
3.160498 2.012964 3.535179 1.085810
3.159179 2.012750 3.536734 1.086763
3.157910 2.012546 3.537946 1.087575
3.156695 2.012353 3.538813 1.088239
3.155537 2.012170 3.539335 1.088753
3.154438 2.011998 3.539513 1.089112
3.153400 2.011836 3.539347 1.089315
3.152425 2.011685 3.538836 1.089358
3.151515 2.011545 3.537981 1.089242
3.150670 2.011416 3.536783 1.088964
3.149892 2.011298 3.535241 1.088527
3.149182 2.011190 3.533357 1.087930
3.148539 2.011093 3.531131 1.087176
3.147964 2.011007 3.528563 1.086267
3.147457 2.010932 3.525654 1.085206
3.147017 2.010866 3.522406 1.083998
3.146643 2.010811 3.518818 1.082648
3.146335 2.010765 3.514893 1.081160
3.146090 2.010729 3.510632 1.079542
3.145907 2.010702 3.506035 1.077799
3.145783 2.010683 3.501106 1.075940
3.145716 2.010674 3.495845 1.073972
3.145703 2.010672 3.490254 1.071904
3.145739 2.010677 3.484337 1.069746
3.145822 2.010689 3.478096 1.067506
3.145947 2.010708 3.471534 1.065196
3.146107 2.010731 3.464655 1.062825
3.146299 2.010760 3.457463 1.060403
3.146515 2.010792 3.449962 1.057943
3.146749 2.010826 3.442156 1.055455
3.146993 2.010862 3.434052 1.052950
3.147240 2.010899 3.425655 1.050438
3.147481 2.010935 3.416972 1.047932
3.147708 2.010969 3.408009 1.045441
3.147911 2.010999 3.398774 1.042977
3.148080 2.011025 3.389275 1.040548
3.148205 2.011043 3.379521 1.038165
3.148276 2.011054 3.369521 1.035836
3.148282 2.011055 3.359284 1.033569
3.148211 2.011044 3.348820 1.031373
3.148053 2.011021 3.338140 1.029253
3.147797 2.010982 3.327253 1.027216
3.147431 2.010928 3.316173 1.025267
3.146945 2.010855 3.304908 1.023410
3.146329 2.010764 3.293472 1.021649
3.145571 2.010652 3.281875 1.019985
3.144662 2.010519 3.270129 1.018421
3.143592 2.010363 3.258246 1.016958
3.142353 2.010184 3.246237 1.015595
3.140936 2.009981 3.234115 1.014332
3.139334 2.009755 3.221889 1.013168
3.137538 2.009504 3.209573 1.012101
3.135544 2.009229 3.197176 1.011130
3.133344 2.008930 3.184709 1.010250
3.130935 2.008609 3.172183 1.009460
3.128311 2.008266 3.159609 1.008756
3.125469 2.007902 3.146996 1.008134
3.122406 2.007520 3.134354 1.007591
3.119121 2.007120 3.121693 1.007124
3.115610 2.006705 3.109022 1.006727
3.111875 2.006278 3.096350 1.006398
3.107913 2.005840 3.083685 1.006133
3.103727 2.005394 3.071036 1.005929
3.099316 2.004944 3.058412 1.005781
3.094682 2.004492 3.045819 1.005687
3.089827 2.004043 3.033266 1.005643
3.084755 2.003598 3.020761 1.005648
3.079467 2.003163 3.008310 1.005697
3.073969 2.002739 2.995920 1.005790
3.068264 2.002333 2.983600 1.005923
3.062357 2.001946 2.971354 1.006096
3.056254 2.001584 2.959190 1.006305
3.049960 2.001249 2.947114 1.006551
3.043481 2.000946 2.935131 1.006833
3.036825 2.000678 2.923249 1.007149
3.029998 2.000450 2.911472 1.007499
3.023009 2.000265 2.899807 1.007883
3.015866 2.000126 2.888258 1.008301
3.008577 2.000037 2.876831 1.008753
3.001153 2.000001 2.865530 1.009240
2.993603 2.000020 2.854361 1.009762
2.985937 2.000099 2.843327 1.010320
2.978167 2.000238 2.832434 1.010914
2.970303 2.000441 2.821684 1.011547
2.962359 2.000709 2.811083 1.012217
2.954345 2.001043 2.800632 1.012927
2.946276 2.001444 2.790337 1.013677
2.938164 2.001914 2.780199 1.014469
2.930022 2.002451 2.770222 1.015302
2.921866 2.003057 2.760408 1.016178
2.913709 2.003730 2.750759 1.017096
2.905566 2.004469 2.741277 1.018057
2.897452 2.005272 2.731964 1.019060
2.889382 2.006137 2.722822 1.020106
2.881370 2.007061 2.713851 1.021193
2.873432 2.008042 2.705053 1.022320
2.865583 2.009075 2.696429 1.023486
2.857838 2.010157 2.687979 1.024688
2.850212 2.011282 2.679704 1.025926
2.842718 2.012446 2.671604 1.027195
2.835372 2.013644 2.663679 1.028494
2.828187 2.014870 2.655930 1.029818
2.821176 2.016119 2.648356 1.031166
2.814353 2.017383 2.640957 1.032531
2.807730 2.018658 2.633734 1.033912
2.801318 2.019936 2.626686 1.035302
2.795129 2.021211 2.619814 1.036699
2.789174 2.022476 2.613117 1.038097
2.783461 2.023726 2.606595 1.039491
2.778002 2.024953 2.600248 1.040878
2.772804 2.026151 2.594076 1.042252
2.767875 2.027314 2.588081 1.043610
2.763223 2.028436 2.582261 1.044946
2.758854 2.029511 2.576618 1.046256
2.754774 2.030534 2.571152 1.047537
2.750990 2.031499 2.565863 1.048784
2.747504 2.032402 2.560754 1.049995
2.744322 2.033238 2.555823 1.051165
2.741447 2.034003 2.551074 1.052291
2.738882 2.034693 2.546507 1.053372
2.736629 2.035305 2.542123 1.054404
2.734690 2.035837 2.537925 1.055386
2.733066 2.036285 2.533914 1.056317
2.731757 2.036649 2.530092 1.057194
2.730764 2.036926 2.526461 1.058018
2.730085 2.037116 2.523024 1.058788
2.729720 2.037218 2.519784 1.059503
2.729667 2.037233 2.516742 1.060164
2.729924 2.037161 2.513903 1.060772
2.730486 2.037003 2.511269 1.061327
2.731352 2.036762 2.508843 1.061831
2.732516 2.036438 2.506630 1.062284
2.733974 2.036034 2.504632 1.062688
2.735719 2.035554 2.502854 1.063045
2.737747 2.035001 2.501299 1.063357
2.740050 2.034378 2.499972 1.063624
2.742621 2.033690 2.498877 1.063850
2.745451 2.032940 2.498018 1.064035
2.748533 2.032134 2.497399 1.064182
2.751856 2.031277 2.497026 1.064291
2.755411 2.030373 2.496901 1.064365
2.759188 2.029428 2.497030 1.064403
2.763176 2.028447 2.497417 1.064408
2.767363 2.027436 2.498067 1.064379
2.771739 2.026400 2.498982 1.064317
2.776289 2.025344 2.500168 1.064222
2.781004 2.024274 2.501628 1.064093
2.785869 2.023195 2.503365 1.063929
2.790873 2.022112 2.505383 1.063730
2.796002 2.021029 2.507685 1.063494
2.801244 2.019951 2.510273 1.063219
2.806585 2.018883 2.513150 1.062904
2.812014 2.017828 2.516318 1.062546
2.817518 2.016791 2.519779 1.062144
2.823084 2.015774 2.523534 1.061694
2.828701 2.014781 2.527583 1.061194
2.834356 2.013814 2.531929 1.060642
2.840038 2.012877 2.536570 1.060035
2.845737 2.011970 2.541507 1.059371
2.851441 2.011096 2.546740 1.058648
2.857141 2.010257 2.552268 1.057864
2.862826 2.009453 2.558089 1.057016
2.868486 2.008686 2.564203 1.056104
2.874114 2.007955 2.570608 1.055126
2.879700 2.007262 2.577302 1.054081
2.885236 2.006607 2.584283 1.052968
2.890714 2.005990 2.591548 1.051788
2.896126 2.005409 2.599095 1.050542
2.901467 2.004866 2.606922 1.049229
2.906729 2.004359 2.615025 1.047851
2.911905 2.003888 2.623401 1.046409
2.916991 2.003451 2.632046 1.044907
2.921980 2.003048 2.640957 1.043347
2.926867 2.002678 2.650131 1.041732
2.931648 2.002339 2.659563 1.040066
2.936317 2.002030 2.669248 1.038352
2.940872 2.001750 2.679184 1.036597
2.945307 2.001497 2.689364 1.034805
2.949620 2.001270 2.699785 1.032981
2.953808 2.001067 2.710441 1.031133
2.957868 2.000888 2.721328 1.029266
2.961798 2.000730 2.732438 1.027388
2.965595 2.000592 2.743768 1.025506
2.969260 2.000473 2.755310 1.023628
2.972790 2.000370 2.767059 1.021762
2.976185 2.000284 2.779007 1.019916
2.979445 2.000211 2.791148 1.018099
2.982572 2.000152 2.803475 1.016320
2.985565 2.000104 2.815979 1.014589
2.988427 2.000067 2.828652 1.012914
2.991160 2.000039 2.841486 1.011304
2.993767 2.000019 2.854473 1.009768
2.996251 2.000007 2.867601 1.008317
2.998617 2.000001 2.880863 1.006958
3.000870 2.000000 2.894247 1.005701
3.003015 2.000005 2.907742 1.004553
3.005057 2.000013 2.921338 1.003523
3.007005 2.000025 2.935022 1.002619
3.008864 2.000039 2.948783 1.001846
3.010644 2.000057 2.962609 1.001211
3.012352 2.000076 2.976486 1.000720
3.013997 2.000098 2.990402 1.000376
3.015590 2.000122 3.004343 1.000185
3.017138 2.000147 3.018295 1.000148
3.018653 2.000174 3.032246 1.000266
3.020144 2.000203 3.046181 1.000542
3.021621 2.000234 3.060086 1.000974
3.023095 2.000267 3.073949 1.001561
3.024576 2.000302 3.087755 1.002300
3.026074 2.000340 3.101490 1.003188
3.027598 2.000381 3.115143 1.004220
3.029158 2.000425 3.128699 1.005392
3.030762 2.000473 3.142147 1.006696
3.032420 2.000526 3.155473 1.008126
3.034140 2.000583 3.168668 1.009673
3.035928 2.000646 3.181718 1.011330
3.037792 2.000714 3.194613 1.013087
3.039739 2.000790 3.207343 1.014936
3.041773 2.000873 3.219899 1.016865
3.043900 2.000964 3.232270 1.018866
3.046125 2.001064 3.244447 1.020927
3.048451 2.001174 3.256424 1.023040
3.050882 2.001295 3.268190 1.025192
3.053419 2.001428 3.279740 1.027375
3.056067 2.001573 3.291065 1.029577
3.058824 2.001732 3.302159 1.031789
3.061694 2.001905 3.313017 1.034002
3.064676 2.002094 3.323631 1.036204
3.067771 2.002299 3.333997 1.038389
3.070977 2.002522 3.344109 1.040545
3.074295 2.002764 3.353962 1.042667
3.077722 2.003025 3.363552 1.044745
3.081258 2.003307 3.372874 1.046771
3.084900 2.003611 3.381924 1.048741
3.088646 2.003937 3.390698 1.050645
3.092492 2.004287 3.399191 1.052480
3.096437 2.004661 3.407401 1.054239
3.100477 2.005061 3.415325 1.055918
3.104608 2.005486 3.422958 1.057513
3.108825 2.005939 3.430298 1.059020
3.113125 2.006419 3.437341 1.060436
3.117503 2.006928 3.444086 1.061759
3.121954 2.007464 3.450529 1.062986
3.126473 2.008030 3.456669 1.064118
3.131053 2.008625 3.462502 1.065152
3.135689 2.009248 3.468027 1.066088
3.140373 2.009901 3.473242 1.066928
3.145101 2.010583 3.478146 1.067672
3.149863 2.011293 3.482736 1.068322
3.154652 2.012031 3.487012 1.068878
3.159461 2.012796 3.490973 1.069345
3.164281 2.013586 3.494619 1.069724
3.169102 2.014401 3.497948 1.070018
3.173916 2.015240 3.500960 1.070231
3.178712 2.016099 3.503657 1.070366
3.183481 2.016977 3.506039 1.070427
3.188212 2.017872 3.508106 1.070418
3.192893 2.018780 3.509860 1.070344
3.197514 2.019700 3.511303 1.070207
3.202063 2.020627 3.512437 1.070013
3.206528 2.021559 3.513264 1.069765
3.210897 2.022492 3.513788 1.069466
3.215157 2.023421 3.514010 1.069121
3.219297 2.024342 3.513936 1.068733
3.223303 2.025251 3.513569 1.068305
3.227165 2.026144 3.512913 1.067839
3.230868 2.027015 3.511972 1.067338
3.234401 2.027860 3.510752 1.066803
3.237753 2.028674 3.509257 1.066237
3.240911 2.029453 3.507493 1.065641
3.243865 2.030191 3.505465 1.065014
3.246603 2.030883 3.503178 1.064359
3.249115 2.031526 3.500639 1.063675
3.251392 2.032115 3.497851 1.062962
3.253423 2.032645 3.494822 1.062219
3.255201 2.033112 3.491557 1.061445
3.256717 2.033513 3.488061 1.060641
3.257964 2.033846 3.484340 1.059805
3.258935 2.034105 3.480398 1.058937
3.259624 2.034290 3.476242 1.058034
3.260024 2.034398 3.471876 1.057096
3.260132 2.034427 3.467306 1.056123
3.259943 2.034376 3.462535 1.055113
3.259453 2.034244 3.457569 1.054066
3.258659 2.034031 3.452412 1.052981
3.257559 2.033737 3.447068 1.051858
3.256152 2.033363 3.441541 1.050698
3.254435 2.032910 3.435835 1.049501
3.252409 2.032379 3.429954 1.048267
3.250074 2.031773 3.423901 1.046997
3.247429 2.031094 3.417679 1.045693
3.244477 2.030345 3.411292 1.044357
3.241219 2.029529 3.404742 1.042990
3.237658 2.028651 3.398032 1.041595
3.233796 2.027714 3.391165 1.040174
3.229638 2.026724 3.384143 1.038732
3.225187 2.025684 3.376969 1.037270
3.220449 2.024601 3.369645 1.035794
3.215428 2.023480 3.362172 1.034306
3.210131 2.022327 3.354554 1.032811
3.204566 2.021147 3.346791 1.031313
3.198738 2.019947 3.338884 1.029817
3.192657 2.018734 3.330837 1.028327
3.186331 2.017513 3.322650 1.026848
3.179770 2.016291 3.314325 1.025385
3.172984 2.015075 3.305862 1.023943
3.165983 2.013871 3.297264 1.022526
3.158780 2.012686 3.288530 1.021139
3.151386 2.011525 3.279664 1.019787
3.143814 2.010395 3.270665 1.018473
3.136076 2.009302 3.261534 1.017203
3.128188 2.008250 3.252274 1.015979
3.120162 2.007246 3.242884 1.014805
3.112015 2.006293 3.233366 1.013684
3.103759 2.005398 3.223722 1.012619
3.095412 2.004562 3.213953 1.011613
3.086987 2.003791 3.204060 1.010667
3.078502 2.003086 3.194045 1.009784
3.069971 2.002451 3.183909 1.008963
3.061410 2.001887 3.173655 1.008207
3.052835 2.001397 3.163284 1.007515
3.044261 2.000980 3.152799 1.006888
3.035704 2.000638 3.142202 1.006325
3.027179 2.000369 3.131496 1.005825
3.018700 2.000175 3.120683 1.005389
3.010282 2.000053 3.109767 1.005014
3.001939 2.000002 3.098750 1.004699
2.993684 2.000020 3.087637 1.004443
2.985530 2.000105 3.076431 1.004245
2.977490 2.000253 3.065136 1.004102
2.969577 2.000463 3.053755 1.004012
2.961800 2.000730 3.042294 1.003975
2.954172 2.001051 3.030756 1.003988
2.946702 2.001421 3.019147 1.004049
2.939401 2.001838 3.007471 1.004157
2.932278 2.002296 2.995733 1.004311
2.925341 2.002791 2.983939 1.004509
2.918599 2.003319 2.972094 1.004751
2.912058 2.003874 2.960204 1.005034
2.905727 2.004454 2.948273 1.005359
2.899611 2.005052 2.936309 1.005725
2.893716 2.005664 2.924318 1.006133
2.888048 2.006286 2.912305 1.006581
2.882611 2.006914 2.900277 1.007070
2.877410 2.007543 2.888240 1.007601
2.872448 2.008168 2.876202 1.008175
2.867729 2.008786 2.864169 1.008793
2.863254 2.009394 2.852149 1.009455
2.859027 2.009987 2.840149 1.010165
2.855047 2.010561 2.828176 1.010923
2.851317 2.011115 2.816238 1.011731
2.847836 2.011645 2.804343 1.012591
2.844603 2.012148 2.792500 1.013506
2.841617 2.012622 2.780717 1.014478
2.838878 2.013066 2.769002 1.015510
2.836381 2.013476 2.757365 1.016603
2.834124 2.013853 2.745814 1.017760
2.832103 2.014195 2.734360 1.018984
2.830314 2.014502 2.723011 1.020276
2.828750 2.014772 2.711777 1.021637
2.827406 2.015007 2.700669 1.023071
2.826276 2.015206 2.689698 1.024576
2.825352 2.015369 2.678872 1.026155
2.824625 2.015498 2.668202 1.027808
2.824087 2.015594 2.657700 1.029534
2.823730 2.015658 2.647376 1.031331
2.823542 2.015692 2.637240 1.033199
2.823514 2.015697 2.627303 1.035135
2.823636 2.015675 2.617576 1.037136
2.823896 2.015629 2.608067 1.039197
2.824283 2.015559 2.598789 1.041315
2.824786 2.015470 2.589749 1.043483
2.825393 2.015362 2.580959 1.045696
2.826094 2.015238 2.572425 1.047947
2.826876 2.015100 2.564159 1.050227
2.827729 2.014950 2.556166 1.052530
2.828642 2.014791 2.548456 1.054845
2.829604 2.014624 2.541036 1.057165
2.830605 2.014452 2.533911 1.059479
2.831636 2.014275 2.527089 1.061778
2.832686 2.014096 2.520575 1.064051
2.833748 2.013917 2.514374 1.066288
2.834813 2.013738 2.508490 1.068479
2.835872 2.013561 2.502929 1.070614
2.836920 2.013387 2.497693 1.072683
2.837948 2.013218 2.492786 1.074675
2.838952 2.013053 2.488210 1.076581
2.839925 2.012895 2.483969 1.078392
2.840861 2.012744 2.480064 1.080100
2.841758 2.012600 2.476496 1.081695
2.842609 2.012464 2.473269 1.083169
2.843412 2.012336 2.470382 1.084516
2.844162 2.012217 2.467837 1.085730
2.844858 2.012108 2.465635 1.086802
2.845496 2.012008 2.463776 1.087730
2.846075 2.011917 2.462261 1.088507
2.846592 2.011837 2.461091 1.089130
2.847046 2.011767 2.460264 1.089595
2.847436 2.011706 2.459783 1.089901
2.847760 2.011656 2.459645 1.090045
2.848018 2.011617 2.459853 1.090027
2.848210 2.011587 2.460405 1.089846
2.848336 2.011568 2.461302 1.089502
2.848395 2.011559 2.462543 1.088998
2.848389 2.011560 2.464128 1.088335
2.848318 2.011571 2.466056 1.087517
2.848183 2.011591 2.468327 1.086546
2.847985 2.011622 2.470940 1.085427
2.847727 2.011661 2.473895 1.084165
2.847411 2.011710 2.477191 1.082766
2.847038 2.011768 2.480826 1.081237
2.846612 2.011834 2.484799 1.079583
2.846137 2.011908 2.489109 1.077814
2.845615 2.011989 2.493754 1.075937
2.845051 2.012077 2.498732 1.073961
2.844450 2.012172 2.504040 1.071895
2.843817 2.012272 2.509676 1.069749
2.843158 2.012376 2.515636 1.067533
2.842478 2.012484 2.521918 1.065256
2.841786 2.012595 2.528516 1.062931
2.841087 2.012707 2.535427 1.060566
2.840390 2.012820 2.542646 1.058174
2.839703 2.012931 2.550167 1.055764
2.839036 2.013040 2.557985 1.053347
2.838397 2.013144 2.566092 1.050933
2.837797 2.013243 2.574481 1.048533
2.837245 2.013333 2.583146 1.046155
2.836753 2.013415 2.592078 1.043810
2.836331 2.013485 2.601269 1.041504
2.835990 2.013541 2.610709 1.039248
2.835741 2.013583 2.620389 1.037046
2.835596 2.013607 2.630299 1.034907
2.835566 2.013612 2.640429 1.032836
2.835663 2.013596 2.650769 1.030837
2.835896 2.013557 2.661308 1.028915
2.836277 2.013494 2.672035 1.027074
2.836815 2.013404 2.682939 1.025314
2.837522 2.013288 2.694009 1.023639
2.838406 2.013143 2.705234 1.022050
2.839475 2.012968 2.716603 1.020546
2.840739 2.012764 2.728105 1.019127
2.842204 2.012528 2.739729 1.017793
2.843878 2.012262 2.751465 1.016541
2.845766 2.011966 2.763301 1.015372
2.847875 2.011639 2.775228 1.014281
2.850209 2.011282 2.787236 1.013267
2.852772 2.010897 2.799315 1.012327
2.855568 2.010485 2.811454 1.011459
2.858599 2.010048 2.823646 1.010659
2.861867 2.009586 2.835880 1.009924
2.865374 2.009104 2.848148 1.009252
2.869120 2.008602 2.860442 1.008639
2.873105 2.008084 2.872752 1.008084
2.877328 2.007553 2.885072 1.007583
2.881790 2.007011 2.897392 1.007133
2.886486 2.006464 2.909706 1.006733
2.891416 2.005913 2.922007 1.006381
2.896577 2.005363 2.934285 1.006074
2.901964 2.004817 2.946536 1.005811
2.907574 2.004280 2.958751 1.005591
2.913402 2.003757 2.970925 1.005412
2.919444 2.003250 2.983051 1.005275
2.925692 2.002765 2.995122 1.005178
2.932143 2.002305 3.007132 1.005121
2.938788 2.001875 3.019076 1.005104
2.945620 2.001480 3.030947 1.005127
2.952632 2.001123 3.042740 1.005191
2.959815 2.000808 3.054450 1.005296
2.967160 2.000539 3.066072 1.005443
2.974659 2.000321 3.077599 1.005634
2.982300 2.000157 3.089029 1.005868
2.990075 2.000049 3.100355 1.006149
2.997970 2.000002 3.111574 1.006476
3.005976 2.000018 3.122681 1.006851
3.014079 2.000099 3.133672 1.007276
3.022268 2.000248 3.144544 1.007752
3.030529 2.000466 3.155293 1.008280
3.038849 2.000755 3.165916 1.008861
3.047214 2.001115 3.176409 1.009496
3.055609 2.001547 3.186770 1.010186
3.064020 2.002051 3.196997 1.010932
3.072432 2.002627 3.207087 1.011734
3.080829 2.003272 3.217037 1.012592
3.089198 2.003986 3.226846 1.013505
3.097521 2.004767 3.236513 1.014473
3.105784 2.005611 3.246035 1.015495
3.113971 2.006516 3.255412 1.016569
3.122067 2.007478 3.264642 1.017694
3.130057 2.008493 3.273724 1.018867
3.137925 2.009557 3.282657 1.020086
3.145658 2.010665 3.291440 1.021348
3.153241 2.011811 3.300073 1.022650
3.160660 2.012990 3.308555 1.023987
3.167903 2.014196 3.316886 1.025357
3.174955 2.015424 3.325064 1.026754
3.181805 2.016665 3.333089 1.028175
3.188442 2.017916 3.340960 1.029615
3.194854 2.019168 3.348677 1.031069
3.201031 2.020415 3.356240 1.032533
3.206963 2.021651 3.363646 1.034002
3.212642 2.022870 3.370896 1.035471
3.218058 2.024064 3.377988 1.036936
3.223205 2.025228 3.384922 1.038391
3.228075 2.026356 3.391696 1.039833
3.232662 2.027442 3.398309 1.041257
3.236960 2.028480 3.404759 1.042659
3.240963 2.029466 3.411046 1.044036
3.244669 2.030393 3.417167 1.045383
3.248072 2.031258 3.423120 1.046699
3.251170 2.032057 3.428904 1.047978
3.253960 2.032785 3.434516 1.049221
3.256440 2.033440 3.439954 1.050423
3.258608 2.034018 3.445216 1.051583
3.260464 2.034517 3.450298 1.052700
3.262008 2.034934 3.455199 1.053773
3.263239 2.035269 3.459914 1.054801
3.264159 2.035521 3.464441 1.055783
3.264770 2.035688 3.468777 1.056719
3.265072 2.035771 3.472918 1.057610
3.265070 2.035771 3.476859 1.058455
3.264767 2.035687 3.480598 1.059257
3.264165 2.035523 3.484130 1.060015
3.263271 2.035278 3.487450 1.060730
3.262090 2.034956 3.490554 1.061404
3.260626 2.034560 3.493438 1.062039
3.258888 2.034093 3.496097 1.062634
3.256881 2.033557 3.498526 1.063192
3.254614 2.032957 3.500720 1.063714
3.252096 2.032298 3.502674 1.064201
3.249335 2.031583 3.504383 1.064654
3.246340 2.030817 3.505842 1.065074
3.243123 2.030005 3.507045 1.065461
3.239694 2.029151 3.507989 1.065815
3.236063 2.028262 3.508667 1.066136
3.232242 2.027342 3.509075 1.066424
3.228243 2.026396 3.509209 1.066678
3.224079 2.025429 3.509064 1.066897
3.219760 2.024446 3.508636 1.067080
3.215301 2.023452 3.507921 1.067223
3.210713 2.022452 3.506915 1.067327
3.206010 2.021450 3.505615 1.067387
3.201202 2.020450 3.504018 1.067401
3.196304 2.019457 3.502121 1.067367
3.191326 2.018474 3.499922 1.067280
3.186282 2.017504 3.497420 1.067139
3.181183 2.016551 3.494611 1.066939
3.176040 2.015617 3.491496 1.066677
3.170864 2.014705 3.488074 1.066350
3.165667 2.013818 3.484343 1.065955
3.160458 2.012957 3.480304 1.065488
3.155248 2.012124 3.475958 1.064947
3.150045 2.011321 3.471303 1.064329
3.144860 2.010548 3.466342 1.063632
3.139700 2.009806 3.461075 1.062854
3.134575 2.009097 3.455504 1.061994
3.129491 2.008419 3.449631 1.061049
3.124457 2.007775 3.443456 1.060020
3.119479 2.007163 3.436983 1.058907
3.114564 2.006584 3.430214 1.057708
3.109718 2.006037 3.423150 1.056427
3.104947 2.005522 3.415795 1.055063
3.100258 2.005039 3.408152 1.053618
3.095654 2.004585 3.400223 1.052095
3.091141 2.004162 3.392012 1.050497
3.086724 2.003768 3.383523 1.048828
3.082406 2.003401 3.374758 1.047090
3.078192 2.003062 3.365721 1.045290
3.074085 2.002748 3.356418 1.043432
3.070088 2.002459 3.346850 1.041521
3.066204 2.002194 3.337024 1.039564
3.062435 2.001951 3.326943 1.037568
3.058784 2.001729 3.316613 1.035539
3.055252 2.001528 3.306038 1.033485
3.051840 2.001345 3.295223 1.031414
3.048550 2.001179 3.284175 1.029335
3.045381 2.001030 3.272900 1.027256
3.042334 2.000897 3.261402 1.025187
3.039408 2.000777 3.249690 1.023136
3.036602 2.000670 3.237770 1.021113
3.033915 2.000575 3.225650 1.019129
3.031343 2.000491 3.213337 1.017192
3.028885 2.000417 3.200839 1.015312
3.026536 2.000352 3.188165 1.013501
3.024293 2.000295 3.175325 1.011766
3.022151 2.000245 3.162328 1.010119
3.020105 2.000202 3.149184 1.008568
3.018148 2.000165 3.135903 1.007122
3.016275 2.000132 3.122497 1.005790
3.014478 2.000105 3.108978 1.004580
3.012749 2.000081 3.095356 1.003499
3.011080 2.000061 3.081644 1.002554
3.009463 2.000045 3.067856 1.001751
3.007887 2.000031 3.054003 1.001095
3.006345 2.000020 3.040100 1.000590
3.004825 2.000012 3.026159 1.000239
3.003317 2.000006 3.012195 1.000045
3.001813 2.000002 2.998220 1.000008
3.000301 2.000000 2.984250 1.000129
2.998771 2.000001 2.970297 1.000406
2.997214 2.000004 2.956376 1.000838
2.995619 2.000010 2.942499 1.001421
2.993977 2.000018 2.928681 1.002152
2.992280 2.000030 2.914933 1.003026
2.990518 2.000045 2.901270 1.004035
2.988682 2.000064 2.887702 1.005176
2.986767 2.000088 2.874243 1.006439
2.984764 2.000116 2.860903 1.007816
2.982667 2.000150 2.847694 1.009301
2.980470 2.000191 2.834626 1.010883
2.978168 2.000238 2.821709 1.012554
2.975756 2.000294 2.808954 1.014304
2.973231 2.000358 2.796368 1.016123
2.970589 2.000433 2.783962 1.018002
2.967827 2.000518 2.771744 1.019930
2.964944 2.000615 2.759720 1.021900
2.961937 2.000725 2.747899 1.023899
2.958807 2.000849 2.736288 1.025920
2.955552 2.000988 2.724894 1.027953
2.952172 2.001144 2.713722 1.029989
2.948668 2.001318 2.702780 1.032020
2.945041 2.001511 2.692072 1.034037
2.941292 2.001725 2.681604 1.036032
2.937423 2.001960 2.671381 1.037998
2.933437 2.002218 2.661409 1.039929
2.929335 2.002500 2.651691 1.041816
2.925122 2.002807 2.642232 1.043655
2.920799 2.003141 2.633037 1.045439
2.916372 2.003503 2.624110 1.047165
2.911843 2.003893 2.615454 1.048826
2.907217 2.004314 2.607073 1.050420
2.902499 2.004765 2.598971 1.051942
2.897694 2.005247 2.591151 1.053390
2.892807 2.005762 2.583615 1.054762
2.887844 2.006309 2.576368 1.056056
2.882812 2.006890 2.569411 1.057269
2.877715 2.007505 2.562747 1.058403
2.872562 2.008153 2.556379 1.059455
2.867360 2.008836 2.550309 1.060427
2.862115 2.009552 2.544539 1.061319
2.856837 2.010301 2.539070 1.062132
2.851534 2.011083 2.533903 1.062868
2.846214 2.011896 2.529041 1.063528
2.840886 2.012740 2.524483 1.064115
2.835562 2.013613 2.520231 1.064631
2.830249 2.014513 2.516284 1.065079
2.824960 2.015439 2.512642 1.065461
2.819705 2.016387 2.509306 1.065781
2.814495 2.017357 2.506273 1.066042
2.809342 2.018343 2.503544 1.066247
2.804258 2.019345 2.501116 1.066399
2.799255 2.020357 2.498988 1.066501
2.794344 2.021376 2.497157 1.066556
2.789540 2.022398 2.495621 1.066567
2.784853 2.023418 2.494377 1.066536
2.780297 2.024433 2.493422 1.066465
2.775885 2.025437 2.492751 1.066357
2.771629 2.026426 2.492362 1.066212
2.767541 2.027394 2.492249 1.066033
2.763633 2.028336 2.492410 1.065820
2.759917 2.029248 2.492839 1.065573
2.756405 2.030123 2.493531 1.065293
2.753107 2.030957 2.494482 1.064979
2.750035 2.031745 2.495687 1.064632
2.747198 2.032482 2.497142 1.064251
2.744605 2.033163 2.498840 1.063834
2.742266 2.033784 2.500778 1.063380
2.740189 2.034340 2.502950 1.062889
2.738382 2.034829 2.505351 1.062359
2.736852 2.035245 2.507978 1.061789
2.735604 2.035586 2.510825 1.061176
2.734646 2.035849 2.513888 1.060520
2.733983 2.036032 2.517162 1.059820
2.733618 2.036133 2.520644 1.059075
2.733556 2.036150 2.524330 1.058282
2.733799 2.036082 2.528216 1.057443
2.734352 2.035930 2.532298 1.056556
2.735215 2.035693 2.536572 1.055621
2.736390 2.035371 2.541037 1.054638
2.737879 2.034965 2.545688 1.053608
2.739680 2.034478 2.550522 1.052531
2.741795 2.033910 2.555538 1.051409
2.744222 2.033264 2.560733 1.050243
2.746960 2.032544 2.566104 1.049035
2.750006 2.031753 2.571649 1.047787
2.753358 2.030893 2.577367 1.046502
2.757012 2.029971 2.583255 1.045182
2.760966 2.028989 2.589312 1.043832
2.765213 2.027953 2.595536 1.042453
2.769750 2.026868 2.601926 1.041052
2.774570 2.025741 2.608481 1.039630
2.779667 2.024575 2.615200 1.038193
2.785034 2.023378 2.622081 1.036745
2.790663 2.022156 2.629125 1.035290
2.796545 2.020916 2.636329 1.033834
2.802672 2.019662 2.643694 1.032380
2.809034 2.018403 2.651218 1.030935
2.815621 2.017145 2.658902 1.029502
2.822420 2.015894 2.666745 1.028085
2.829422 2.014656 2.674746 1.026691
2.836612 2.013438 2.682905 1.025322
2.843980 2.012246 2.691221 1.023983
2.851510 2.011086 2.699694 1.022677
2.859190 2.009963 2.708324 1.021409
2.867006 2.008883 2.717109 1.020182
2.874942 2.007851 2.726049 1.018997
2.882984 2.006870 2.735144 1.017859
2.891116 2.005945 2.744392 1.016768
2.899324 2.005081 2.753791 1.015727
2.907593 2.004279 2.763342 1.014738
2.915906 2.003542 2.773042 1.013800
2.924248 2.002873 2.782890 1.012915
2.932605 2.002274 2.792884 1.012083
2.940961 2.001744 2.803021 1.011304
