0.715255 0.799907
0.729949 0.799651
0.744055 0.799263
0.757548 0.798773
0.770404 0.798207
0.782602 0.797592
0.794122 0.796951
0.804945 0.796305
0.815053 0.795673
0.824432 0.795072
0.833069 0.794515
0.840951 0.794015
0.848069 0.793582
0.854412 0.793225
0.859974 0.792952
0.864748 0.792768
0.868729 0.792678
0.871912 0.792686
0.874294 0.792794
0.875872 0.793004
0.876646 0.793317
0.876614 0.793734
0.875776 0.794255
0.874135 0.794878
0.871690 0.795601
0.868446 0.796421
0.864406 0.797336
0.859575 0.798340
0.853959 0.799427
0.847565 0.800590
0.840402 0.801821
0.832479 0.803109
0.823808 0.804441
0.814402 0.805803
0.804275 0.807179
0.793445 0.808550
0.781928 0.809895
0.769746 0.811191
0.756919 0.812411
0.743471 0.813527
0.729426 0.814511
0.714812 0.815329
0.699653 0.815950
0.683979 0.816339
0.667818 0.816462
0.651198 0.816283
0.634147 0.815770
0.616694 0.814889
0.598867 0.813608
0.580691 0.811897
0.562192 0.809727
0.543394 0.807073
0.524321 0.803912
0.504994 0.800224
0.485433 0.795991
0.465657 0.791197
0.445683 0.785831
0.425528 0.779884
0.405206 0.773348
0.384733 0.766220
0.364122 0.758496
0.343384 0.750177
0.322533 0.741265
0.301578 0.731763
0.280533 0.721676
0.259407 0.711011
0.238210 0.699776
0.216955 0.687980
0.195650 0.675632
0.174307 0.662743
0.152937 0.649324
0.131550 0.635388
0.110158 0.620947
0.088772 0.606013
0.067403 0.590599
0.046065 0.574719
0.024770 0.558387
0.003530 0.541615
-0.017641 0.524417
-0.038730 0.506806
-0.059722 0.488796
-0.080603 0.470399
-0.101358 0.451628
-0.121971 0.432496
-0.142427 0.413015
-0.162710 0.393196
-0.182803 0.373050
-0.202688 0.352588
-0.222349 0.331821
-0.241767 0.310756
-0.260925 0.289405
-0.279804 0.267773
-0.298384 0.245869
-0.316647 0.223700
-0.334572 0.201270
-0.352140 0.178585
-0.369331 0.155648
-0.386122 0.132462
-0.402493 0.109028
-0.418423 0.085348
-0.433890 0.061419
-0.448871 0.037242
-0.463344 0.012811
-0.477286 -0.011877
-0.490674 -0.036827
-0.503484 -0.062048
-0.515694 -0.087547
-0.527279 -0.113333
-0.538216 -0.139418
-0.548482 -0.165813
-0.558055 -0.192530
-0.566911 -0.219581
-0.575029 -0.246979
-0.582391 -0.274735
-0.588979 -0.302860
-0.594779 -0.331360
-0.599778 -0.360241
-0.603972 -0.389499
-0.607359 -0.419129
-0.609945 -0.449115
-0.611744 -0.479431
-0.612779 -0.510041
-0.613082 -0.540895
-0.612695 -0.571933
-0.611669 -0.603080
-0.610063 -0.634250
-0.607944 -0.665349
-0.605383 -0.696275
-0.602452 -0.726924
-0.599224 -0.757191
-0.595767 -0.786978
-0.592143 -0.816191
-0.588408 -0.844748
-0.584608 -0.872577
-0.580782 -0.899616
-0.576958 -0.925815
-0.573160 -0.951136
-0.569401 -0.975547
-0.565690 -0.999025
-0.562030 -1.021556
-0.558419 -1.043128
-0.554855 -1.063736
-0.551329 -1.083377
-0.547833 -1.102051
-0.544357 -1.119760
-0.540889 -1.136507
-0.537418 -1.152297
-0.533933 -1.167134
-0.530421 -1.181024
-0.526871 -1.193972
-0.523271 -1.205983
-0.519610 -1.217065
-0.515878 -1.227222
-0.512065 -1.236459
-0.508161 -1.244783
-0.504158 -1.252199
-0.500048 -1.258712
-0.495823 -1.264329
-0.491476 -1.269054
-0.487002 -1.272893
-0.482394 -1.275852
-0.477649 -1.277936
-0.472762 -1.279153
-0.467730 -1.279506
-0.462551 -1.279004
-0.457221 -1.277652
-0.451740 -1.275456
-0.446106 -1.272424
-0.440321 -1.268563
-0.434383 -1.263880
-0.428295 -1.258381
-0.422058 -1.252076
-0.415674 -1.244971
-0.409146 -1.237074
-0.402478 -1.228394
-0.395674 -1.218938
-0.388739 -1.208716
-0.381678 -1.197735
-0.374496 -1.186004
-0.367200 -1.173531
-0.359797 -1.160325
-0.352295 -1.146394
-0.344701 -1.131746
-0.337025 -1.116390
-0.329274 -1.100334
-0.321460 -1.083584
-0.313592 -1.066150
-0.305681 -1.048037
-0.297739 -1.029253
-0.289777 -1.009803
-0.281807 -0.989695
-0.273842 -0.968933
-0.265896 -0.947523
-0.257983 -0.925468
-0.250117 -0.902773
-0.242312 -0.879440
-0.234585 -0.855473
-0.226949 -0.830872
-0.219422 -0.805640
-0.212019 -0.779778
-0.204756 -0.753284
-0.197650 -0.726160
-0.190716 -0.698406
-0.183970 -0.670020
-0.177426 -0.641004
-0.171099 -0.611357
-0.165001 -0.581083
-0.159142 -0.550185
-0.153530 -0.518670
-0.148171 -0.486547
-0.143064 -0.453829
-0.138208 -0.420537
-0.133593 -0.386694
-0.129205 -0.352334
-0.125024 -0.317496
-0.121021 -0.282228
-0.117162 -0.246587
-0.113406 -0.210638
-0.109707 -0.174451
-0.106014 -0.138105
-0.102275 -0.101679
-0.098434 -0.065254
-0.094439 -0.028910
-0.090240 0.007277
-0.085793 0.043238
-0.081056 0.078910
-0.075999 0.114240
-0.070595 0.149182
-0.064826 0.183699
-0.058679 0.217763
-0.052149 0.251353
-0.045236 0.284453
-0.037942 0.317053
-0.030277 0.349148
-0.022251 0.380733
-0.013877 0.411810
-0.005170 0.442379
0.003851 0.472442
0.013171 0.502001
0.022770 0.531061
0.032629 0.559623
0.042730 0.587689
0.053053 0.615262
0.063580 0.642343
0.074292 0.668931
0.085170 0.695026
0.096196 0.720627
0.107352 0.745732
0.118623 0.770337
0.129989 0.794439
0.141436 0.818033
0.152948 0.841114
0.164509 0.863675
0.176104 0.885710
0.187720 0.907212
0.199342 0.928172
0.210958 0.948582
0.222554 0.968433
0.234119 0.987716
0.245640 1.006420
0.257107 1.024535
0.268509 1.042051
0.279836 1.058956
0.291078 1.075241
0.302227 1.090893
0.313273 1.105901
0.324208 1.120254
0.335026 1.133939
0.345719 1.146945
0.356281 1.159261
0.366706 1.170874
0.376988 1.181773
0.387124 1.191946
0.397108 1.201382
0.406938 1.210069
0.416610 1.217996
0.426121 1.225152
0.435471 1.231525
0.444657 1.237106
0.453680 1.241883
0.462539 1.245845
0.471234 1.248984
0.479768 1.251288
0.488142 1.252748
0.496358 1.253354
0.504420 1.253096
0.512331 1.251967
0.520096 1.249955
0.527720 1.247054
0.535209 1.243253
0.542569 1.238544
0.549806 1.232920
0.556928 1.226372
0.563944 1.218892
0.570860 1.210472
0.577686 1.201106
0.584431 1.190786
0.591103 1.179507
0.597712 1.167263
0.604265 1.154049
0.610772 1.139863
0.617239 1.124702
0.623672 1.108568
0.630076 1.091463
0.636452 1.073395
0.642799 1.054373
0.649112 1.034415
0.655383 1.013541
0.661598 0.991781
0.667736 0.969172
0.673770 0.945758
0.679667 0.921596
0.685386 0.896749
0.690878 0.871291
0.696089 0.845305
0.700959 0.818878
0.705425 0.792105
0.709422 0.765079
0.712886 0.737894
0.715754 0.710640
0.717970 0.683398
0.719483 0.656243
0.720250 0.629238
0.720235 0.602435
0.719412 0.575877
0.717761 0.549595
0.715269 0.523612
0.711931 0.497941
0.707748 0.472590
0.702723 0.447562
0.696866 0.422854
0.690187 0.398461
0.682701 0.374377
0.674424 0.350592
0.665374 0.327097
0.655567 0.303883
0.645025 0.280941
0.633766 0.258262
0.621810 0.235838
0.609177 0.213662
0.595888 0.191729
0.581962 0.170034
0.567419 0.148573
0.552279 0.127345
0.536561 0.106347
0.520285 0.085581
0.503471 0.065048
0.486136 0.044749
0.468299 0.024690
0.449980 0.004873
0.431195 -0.014695
0.411964 -0.034009
0.392303 -0.053060
0.372229 -0.071841
0.351761 -0.090343
0.330915 -0.108556
0.309707 -0.126471
0.288154 -0.144078
0.266272 -0.161365
0.244077 -0.178320
0.221585 -0.194934
0.198811 -0.211195
0.175772 -0.227090
0.152483 -0.242609
0.128958 -0.257741
0.105215 -0.272476
0.081268 -0.286804
0.057134 -0.300716
0.032829 -0.314204
0.008369 -0.327261
-0.016228 -0.339883
-0.040944 -0.352066
-0.065761 -0.363809
-0.090659 -0.375111
-0.115618 -0.385977
-0.140615 -0.396413
-0.165628 -0.406425
-0.190631 -0.416027
-0.215599 -0.425233
-0.240504 -0.434059
-0.265317 -0.442527
-0.290008 -0.450660
-0.314544 -0.458484
-0.338893 -0.466027
-0.363021 -0.473320
-0.386893 -0.480396
-0.410473 -0.487286
-0.433727 -0.494024
-0.456620 -0.500645
-0.479117 -0.507180
-0.501185 -0.513662
-0.522793 -0.520120
-0.543908 -0.526583
-0.564503 -0.533076
-0.584549 -0.539624
-0.604021 -0.546246
-0.622896 -0.552962
-0.641150 -0.559788
-0.658766 -0.566736
-0.675723 -0.573818
-0.692004 -0.581044
-0.707595 -0.588419
-0.722482 -0.595951
-0.736650 -0.603642
-0.750089 -0.611497
-0.762787 -0.619517
-0.774735 -0.627703
-0.785923 -0.636057
-0.796342 -0.644577
-0.805985 -0.653265
-0.814845 -0.662120
-0.822914 -0.671140
-0.830187 -0.680325
-0.836658 -0.689675
-0.842322 -0.699187
-0.847175 -0.708859
-0.851214 -0.718691
-0.854436 -0.728678
-0.856840 -0.738818
-0.858425 -0.749106
-0.859193 -0.759536
-0.859146 -0.770100
-0.858288 -0.780790
-0.856626 -0.791594
-0.854167 -0.802497
-0.850922 -0.813484
-0.846905 -0.824532
-0.842132 -0.835620
-0.836620 -0.846719
-0.830390 -0.857799
-0.823467 -0.868825
-0.815878 -0.879758
-0.807650 -0.890557
-0.798814 -0.901178
-0.789403 -0.911574
-0.779449 -0.921698
-0.768986 -0.931500
-0.758047 -0.940933
-0.746666 -0.949948
-0.734874 -0.958499
-0.722701 -0.966543
-0.710176 -0.974038
-0.697325 -0.980946
-0.684172 -0.987234
-0.670739 -0.992871
-0.657045 -0.997830
-0.643106 -1.002089
-0.628938 -1.005629
-0.614552 -1.008433
-0.599961 -1.010491
-0.585173 -1.011792
-0.570197 -1.012330
-0.555038 -1.012102
-0.539702 -1.011107
-0.524195 -1.009344
-0.508520 -1.006817
-0.492682 -1.003530
-0.476683 -0.999489
-0.460528 -0.994700
-0.444219 -0.989172
-0.427759 -0.982915
-0.411152 -0.975937
-0.394402 -0.968250
-0.377511 -0.959866
-0.360485 -0.950796
-0.343328 -0.941054
-0.326044 -0.930652
-0.308638 -0.919603
-0.291117 -0.907922
-0.273486 -0.895622
-0.255753 -0.882718
-0.237924 -0.869223
-0.220007 -0.855152
-0.202010 -0.840520
-0.183941 -0.825341
-0.165811 -0.809629
-0.147629 -0.793399
-0.129405 -0.776665
-0.111149 -0.759441
-0.092875 -0.741741
-0.074592 -0.723579
-0.056315 -0.704967
-0.038055 -0.685920
-0.019826 -0.666451
-0.001642 -0.646570
0.016482 -0.626291
0.034531 -0.605625
0.052490 -0.584584
0.070343 -0.563177
0.088073 -0.541414
0.105664 -0.519306
0.123098 -0.496861
0.140356 -0.474086
0.157421 -0.450990
0.174274 -0.427578
0.190895 -0.403857
0.207265 -0.379831
0.223363 -0.355504
0.239169 -0.330878
0.254661 -0.305956
0.269819 -0.280739
0.284619 -0.255226
0.299040 -0.229415
0.313058 -0.203304
0.326651 -0.176888
0.339794 -0.150163
0.352465 -0.123122
0.364638 -0.095757
0.376290 -0.068060
0.387396 -0.040020
0.397933 -0.011627
0.407877 0.017130
0.417204 0.046262
0.425894 0.075782
0.433926 0.105699
0.441282 0.136022
0.447947 0.166757
0.453909 0.197907
0.459162 0.229468
0.463706 0.261433
0.467545 0.293783
0.470693 0.326492
0.473175 0.359520
0.475021 0.392819
0.476274 0.426325
0.476984 0.459963
0.477212 0.493648
0.477023 0.527285
0.476486 0.560774
0.475672 0.594014
0.474651 0.626902
0.473489 0.659344
0.472246 0.691250
0.470973 0.722543
0.469714 0.753153
0.468503 0.783024
0.467369 0.812110
0.466328 0.840374
0.465393 0.867788
0.464570 0.894332
0.463859 0.919993
0.463258 0.944760
0.462759 0.968628
0.462355 0.991596
0.462033 1.013662
0.461784 1.034829
0.461593 1.055097
0.461448 1.074471
0.461336 1.092952
0.461242 1.110545
0.461155 1.127253
0.461060 1.143078
0.460946 1.158024
0.460800 1.172092
0.460612 1.185287
0.460370 1.197608
0.460065 1.209059
0.459685 1.219642
0.459224 1.229357
0.458671 1.238206
0.458020 1.246190
0.457264 1.253311
0.456396 1.259570
0.455411 1.264969
0.454304 1.269508
0.453070 1.273189
0.451705 1.276014
0.450208 1.277984
0.448574 1.279101
0.446803 1.279368
0.444894 1.278786
0.442845 1.277358
0.440658 1.275087
0.438333 1.271976
0.435871 1.268027
0.433275 1.263243
0.430547 1.257629
0.427691 1.251188
0.424711 1.243923
0.421610 1.235838
0.418396 1.226937
0.415072 1.217224
0.411646 1.206703
0.408124 1.195377
0.404515 1.183251
0.400826 1.170329
0.397067 1.156613
0.393246 1.142107
0.389374 1.126814
0.385462 1.110738
0.381520 1.093880
0.377561 1.076243
0.373596 1.057829
0.369638 1.038638
0.365701 1.018672
0.361798 0.997931
0.357944 0.976416
0.354152 0.954125
0.350437 0.931059
0.346813 0.907217
0.343295 0.882597
0.339897 0.857200
0.336631 0.831026
0.333510 0.804075
0.330544 0.776351
0.327741 0.747858
0.325108 0.718605
0.322647 0.688602
0.320355 0.657868
0.318227 0.626423
0.316249 0.594299
0.314401 0.561533
0.312658 0.528172
0.310984 0.494273
0.309339 0.459901
0.307672 0.425131
0.305930 0.390045
0.304052 0.354732
0.301977 0.319282
0.299643 0.283785
0.296991 0.248329
0.293965 0.212996
0.290516 0.177859
0.286602 0.142983
0.282190 0.108421
0.277255 0.074216
0.271779 0.040402
0.265753 0.007003
0.259174 -0.025966
0.252045 -0.058494
0.244374 -0.090578
0.236171 -0.122217
0.227453 -0.153415
0.218236 -0.184177
0.208540 -0.214509
0.198384 -0.244419
0.187791 -0.273914
0.176782 -0.303001
0.165380 -0.331688
0.153607 -0.359979
0.141485 -0.387882
0.129037 -0.415399
0.116284 -0.442533
0.103248 -0.469288
0.089950 -0.495665
0.076411 -0.521663
0.062651 -0.547281
0.048690 -0.572517
0.034548 -0.597369
0.020242 -0.621833
0.005792 -0.645903
-0.008786 -0.669575
-0.023472 -0.692841
-0.038252 -0.715695
-0.053108 -0.738129
-0.068025 -0.760133
-0.082988 -0.781700
-0.097982 -0.802818
-0.112993 -0.823479
-0.128007 -0.843670
-0.143011 -0.863382
-0.157992 -0.882601
-0.172939 -0.901317
-0.187840 -0.919516
-0.202684 -0.937186
-0.217460 -0.954314
-0.232158 -0.970887
-0.246770 -0.986892
-0.261286 -1.002314
-0.275698 -1.017141
-0.289998 -1.031359
-0.304178 -1.044953
-0.318233 -1.057910
-0.332157 -1.070216
-0.345943 -1.081856
-0.359587 -1.092819
-0.373084 -1.103088
-0.386431 -1.112652
-0.399624 -1.121496
-0.412661 -1.129607
-0.425539 -1.136972
-0.438258 -1.143578
-0.450816 -1.149412
-0.463212 -1.154461
-0.475448 -1.158714
-0.487523 -1.162158
-0.499440 -1.164781
-0.511199 -1.166573
-0.522803 -1.167523
-0.534254 -1.167619
-0.545557 -1.166853
-0.556713 -1.165214
-0.567726 -1.162694
-0.578601 -1.159285
-0.589341 -1.154981
-0.599950 -1.149774
-0.610431 -1.143660
-0.620787 -1.136637
-0.631021 -1.128701
-0.641134 -1.119855
-0.651126 -1.110099
-0.660997 -1.099441
-0.670743 -1.087890
-0.680357 -1.075457
-0.689832 -1.062160
-0.699156 -1.048021
-0.708314 -1.033067
-0.717285 -1.017333
-0.726046 -1.000858
-0.734568 -0.983688
-0.742817 -0.965875
-0.750756 -0.947479
-0.758343 -0.928563
-0.765533 -0.909196
-0.772277 -0.889449
-0.778528 -0.869396
-0.784236 -0.849109
-0.789353 -0.828658
-0.793834 -0.808111
-0.797636 -0.787530
-0.800723 -0.766972
-0.803061 -0.746485
-0.804623 -0.726111
-0.805386 -0.705886
-0.805332 -0.685839
-0.804450 -0.665990
-0.802731 -0.646358
-0.800170 -0.626953
-0.796768 -0.607783
-0.792527 -0.588854
-0.787450 -0.570166
-0.781545 -0.551719
-0.774820 -0.533514
-0.767285 -0.515547
-0.758951 -0.497815
-0.749828 -0.480317
-0.739930 -0.463050
-0.729268 -0.446011
-0.717856 -0.429199
-0.705706 -0.412614
-0.692832 -0.396254
-0.679248 -0.380121
-0.664967 -0.364216
-0.650002 -0.348541
-0.634366 -0.333100
-0.618074 -0.317895
-0.601139 -0.302931
-0.583574 -0.288214
-0.565393 -0.273748
-0.546610 -0.259540
-0.527239 -0.245595
-0.507294 -0.231919
-0.486789 -0.218519
-0.465740 -0.205399
-0.444162 -0.192565
-0.422071 -0.180021
-0.399484 -0.167769
-0.376419 -0.155812
-0.352895 -0.144148
-0.328933 -0.132776
-0.304553 -0.121692
-0.279779 -0.110887
-0.254636 -0.100353
-0.229152 -0.090076
-0.203354 -0.080039
-0.177275 -0.070224
-0.150946 -0.060605
-0.124403 -0.051159
-0.097683 -0.041855
-0.070823 -0.032661
-0.043863 -0.023543
-0.016844 -0.014467
0.010194 -0.005396
0.037208 0.003707
0.064160 0.012878
0.091008 0.022151
0.117714 0.031559
0.144240 0.041133
0.170550 0.050900
0.196611 0.060885
0.222390 0.071109
0.247857 0.081591
0.272985 0.092344
0.297747 0.103381
0.322119 0.114710
0.346079 0.126335
0.369606 0.138261
0.392679 0.150489
0.415280 0.163017
0.437392 0.175842
0.458999 0.188962
0.480083 0.202371
0.500630 0.216063
0.520625 0.230033
0.540053 0.244275
0.558900 0.258781
0.577152 0.273546
0.594795 0.288564
0.611815 0.303829
0.628198 0.319336
0.643931 0.335080
0.658999 0.351059
0.673390 0.367269
0.687088 0.383707
0.700081 0.400373
0.712354 0.417266
0.723895 0.434386
0.734688 0.451735
0.744722 0.469314
0.753983 0.487125
0.762458 0.505172
0.770136 0.523457
0.777006 0.541984
0.783056 0.560755
0.788279 0.579771
0.792667 0.599033
0.796216 0.618539
0.798922 0.638286
0.800785 0.658267
0.801810 0.678469
0.802005 0.698876
0.801380 0.719468
0.799955 0.740215
0.797751 0.761082
0.794796 0.782027
0.791123 0.803000
0.786770 0.823945
0.781781 0.844799
0.776200 0.865492
0.770077 0.885955
0.763462 0.906112
0.756404 0.925889
0.748951 0.945215
0.741151 0.964018
0.733044 0.982236
0.724670 0.999807
0.716062 1.016679
0.707249 1.032804
0.698255 1.048144
0.689101 1.062664
0.679801 1.076336
0.670367 1.089139
0.660807 1.101056
0.651126 1.112073
0.641329 1.122182
0.631414 1.131378
0.621383 1.139657
0.611234 1.147020
0.600962 1.153468
0.590566 1.159004
0.580042 1.163634
0.569384 1.167363
0.558590 1.170199
0.547655 1.172149
0.536576 1.173222
0.525348 1.173428
0.513968 1.172776
0.502434 1.171276
0.490744 1.168940
0.478894 1.165779
0.466884 1.161803
0.454713 1.157026
0.442380 1.151459
0.429886 1.145114
0.417231 1.138005
0.404416 1.130144
0.391444 1.121544
0.378317 1.112219
0.365038 1.102181
0.351610 1.091445
0.338038 1.080024
0.324326 1.067931
0.310480 1.055181
0.296505 1.041788
0.282409 1.027765
0.268198 1.013125
0.253879 0.997883
0.239461 0.982053
0.224953 0.965647
0.210363 0.948679
0.195702 0.931163
0.180979 0.913110
0.166206 0.894535
0.151394 0.875449
0.136555 0.855865
0.121700 0.835793
0.106844 0.815246
0.092000 0.794234
0.077180 0.772768
0.062401 0.750858
0.047677 0.728512
0.033024 0.705740
0.018457 0.682549
0.003993 0.658946
-0.010351 0.634940
-0.024556 0.610534
-0.038606 0.585734
-0.052481 0.560544
-0.066162 0.534968
-0.079630 0.509007
-0.092865 0.482662
-0.105845 0.455934
-0.118551 0.428822
-0.130960 0.401324
-0.143051 0.373437
-0.154801 0.345156
-0.166190 0.316477
-0.177193 0.287394
-0.187790 0.257901
-0.197959 0.227990
-0.207677 0.197654
-0.216925 0.166887
-0.225684 0.135681
-0.233936 0.104032
-0.241666 0.071936
-0.248862 0.039394
-0.255517 0.006410
-0.261627 -0.027008
-0.267195 -0.060843
-0.272229 -0.095072
-0.276747 -0.129663
-0.280771 -0.164573
-0.284336 -0.199750
-0.287482 -0.235131
-0.290257 -0.270643
-0.292716 -0.306205
-0.294917 -0.341732
-0.296921 -0.377132
-0.298791 -0.412316
-0.300585 -0.447196
-0.302359 -0.481691
-0.304161 -0.515724
-0.306033 -0.549230
-0.308011 -0.582152
-0.310121 -0.614442
-0.312383 -0.646061
-0.314811 -0.676980
-0.317412 -0.707176
-0.320187 -0.736630
-0.323135 -0.765332
-0.326250 -0.793272
-0.329524 -0.820446
-0.332947 -0.846851
-0.336506 -0.872486
-0.340189 -0.897350
-0.343981 -0.921443
-0.347869 -0.944767
-0.351837 -0.967321
-0.355872 -0.989106
-0.359959 -1.010123
-0.364084 -1.030372
-0.368233 -1.049851
-0.372393 -1.068561
-0.376550 -1.086498
-0.380693 -1.103663
-0.384810 -1.120051
-0.388889 -1.135662
-0.392919 -1.150491
-0.396891 -1.164535
-0.400794 -1.177792
-0.404620 -1.190256
-0.408361 -1.201925
-0.412008 -1.212794
-0.415554 -1.222859
-0.418994 -1.232116
-0.422319 -1.240561
-0.425527 -1.248190
-0.428610 -1.254998
-0.431566 -1.260982
-0.434392 -1.266138
-0.437083 -1.270462
-0.439637 -1.273951
-0.442054 -1.276601
-0.444332 -1.278409
-0.446470 -1.279373
-0.448469 -1.279489
-0.450330 -1.278755
-0.452054 -1.277169
-0.453643 -1.274728
-0.455101 -1.271430
-0.456430 -1.267275
-0.457635 -1.262259
-0.458721 -1.256381
-0.459692 -1.249640
-0.460556 -1.242035
-0.461319 -1.233563
-0.461988 -1.224223
-0.462571 -1.214014
-0.463078 -1.202933
-0.463517 -1.190980
-0.463898 -1.178151
-0.464234 -1.164445
-0.464533 -1.149860
-0.464809 -1.134391
-0.465074 -1.118038
-0.465340 -1.100795
-0.465620 -1.082661
-0.465928 -1.063631
-0.466277 -1.043703
-0.466681 -1.022873
-0.467151 -1.001139
-0.467700 -0.978499
-0.468339 -0.954954
-0.469077 -0.930505
-0.469921 -0.905157
-0.470874 -0.878918
-0.471936 -0.851802
-0.473103 -0.823828
-0.474364 -0.795021
-0.475701 -0.765418
-0.477089 -0.735061
-0.478495 -0.704008
-0.479877 -0.672324
-0.481183 -0.640086
-0.482355 -0.607381
-0.483328 -0.574305
-0.484032 -0.540959
-0.484398 -0.507444
-0.484353 -0.473862
-0.483831 -0.440308
-0.482771 -0.406871
-0.481121 -0.373628
-0.478837 -0.340643
-0.475885 -0.307970
-0.472240 -0.275648
-0.467887 -0.243706
-0.462818 -0.212164
-0.457033 -0.181032
-0.450538 -0.150313
-0.443343 -0.120005
-0.435464 -0.090103
-0.426917 -0.060599
-0.417723 -0.031481
-0.407903 -0.002740
-0.397480 0.025638
-0.386477 0.053662
-0.374919 0.081345
-0.362828 0.108696
-0.350231 0.135724
-0.337151 0.162438
-0.323611 0.188844
-0.309636 0.214947
-0.295248 0.240752
-0.280471 0.266262
-0.265328 0.291479
-0.249840 0.316404
-0.234029 0.341035
-0.217917 0.365372
-0.201524 0.389411
-0.184871 0.413150
-0.167977 0.436583
-0.150863 0.459705
-0.133546 0.482510
-0.116046 0.504991
-0.098381 0.527139
-0.080569 0.548947
-0.062626 0.570404
-0.044568 0.591501
-0.026414 0.612228
-0.008177 0.632573
0.010126 0.652526
0.028482 0.672073
0.046876 0.691204
0.065293 0.709904
0.083722 0.728162
0.102149 0.745963
0.120563 0.763294
0.138951 0.780142
0.157303 0.796491
0.175608 0.812328
0.193856 0.827639
0.212038 0.842409
0.230145 0.856624
0.248168 0.870269
0.266100 0.883330
0.283932 0.895793
0.301659 0.907643
0.319273 0.918867
0.336770 0.929451
0.354142 0.939382
0.371386 0.948646
0.388497 0.957231
0.405469 0.965125
0.422300 0.972317
0.438986 0.978795
0.455521 0.984550
0.471904 0.989573
0.488131 0.993855
0.504198 0.997390
0.520100 1.000173
0.535835 1.002198
0.551396 1.003465
0.566780 1.003972
0.581979 1.003721
0.596988 1.002715
0.611796 1.000963
0.626395 0.998473
0.640773 0.995257
0.654918 0.991332
0.668813 0.986717
0.682442 0.981435
0.695785 0.975512
0.708821 0.968980
0.721524 0.961872
0.733870 0.954226
0.745829 0.946082
0.757371 0.937485
0.768464 0.928479
0.779078 0.919111
0.789177 0.909430
0.798729 0.899483
0.807702 0.889317
0.816065 0.878977
0.823786 0.868506
0.830839 0.857944
0.837198 0.847330
0.842839 0.836696
0.847742 0.826073
0.851888 0.815488
0.855262 0.804962
0.857852 0.794517
0.859646 0.784169
0.860638 0.773931
0.860819 0.763815
0.860187 0.753830
0.858739 0.743983
0.856473 0.734280
0.853390 0.724725
0.849491 0.715323
0.844778 0.706075
0.839254 0.696985
0.832924 0.688053
0.825792 0.679281
0.817863 0.670671
0.809143 0.662222
0.799639 0.653935
0.789358 0.645812
0.778307 0.637851
0.766496 0.630052
0.753934 0.622414
0.740630 0.614935
0.726596 0.607614
0.711843 0.600445
0.696385 0.593425
0.680236 0.586546
0.663412 0.579801
0.645930 0.573180
0.627809 0.566669
0.609070 0.560256
0.589734 0.553923
0.569826 0.547650
0.549372 0.541416
0.528400 0.535196
0.506939 0.528963
0.485020 0.522689
0.462675 0.516343
0.439937 0.509892
0.416842 0.503303
0.393423 0.496545
0.369714 0.489582
0.345752 0.482383
0.321569 0.474916
0.297200 0.467152
0.272676 0.459063
0.248028 0.450624
0.223286 0.441813
0.198479 0.432610
0.173633 0.422999
0.148773 0.412967
0.123923 0.402503
0.099106 0.391600
0.074342 0.380253
0.049653 0.368460
0.025057 0.356220
0.000572 0.343536
-0.023785 0.330412
-0.047995 0.316853
-0.072044 0.302867
-0.095915 0.288461
-0.119591 0.273646
-0.143059 0.258430
-0.166301 0.242825
-0.189304 0.226841
-0.212050 0.210490
-0.234525 0.193784
-0.256713 0.176733
-0.278598 0.159350
-0.300164 0.141646
-0.321395 0.123631
-0.342275 0.105317
-0.362786 0.086712
-0.382912 0.067828
-0.402636 0.048672
-0.421940 0.029252
-0.440807 0.009577
-0.459217 -0.010348
-0.477155 -0.030516
-0.494600 -0.050924
-0.511534 -0.071567
-0.527938 -0.092444
-0.543793 -0.113551
-0.559079 -0.134890
-0.573777 -0.156461
-0.587867 -0.178267
-0.601328 -0.200309
-0.614141 -0.222594
-0.626285 -0.245127
-0.637740 -0.267914
-0.648485 -0.290963
-0.658502 -0.314283
-0.667769 -0.337884
-0.676270 -0.361774
-0.683985 -0.385964
-0.690898 -0.410462
-0.696994 -0.435276
-0.702262 -0.460413
-0.706690 -0.485875
-0.710275 -0.511661
-0.713013 -0.537765
-0.714910 -0.564175
-0.715976 -0.590870
-0.716229 -0.617822
-0.715694 -0.644990
-0.714404 -0.672323
-0.712402 -0.699761
-0.709737 -0.727232
-0.706466 -0.754654
-0.702649 -0.781939
-0.698351 -0.808992
-0.693638 -0.835720
-0.688574 -0.862027
-0.683220 -0.887824
-0.677632 -0.913026
-0.671861 -0.937556
-0.665948 -0.961350
-0.659929 -0.984348
-0.653833 -1.006504
-0.647682 -1.027779
-0.641489 -1.048142
-0.635265 -1.067571
-0.629017 -1.086049
-0.622744 -1.103563
-0.616445 -1.120107
-0.610118 -1.135677
-0.603755 -1.150271
-0.597349 -1.163891
-0.590893 -1.176541
-0.584378 -1.188223
-0.577795 -1.198944
-0.571135 -1.208710
-0.564388 -1.217527
-0.557546 -1.225402
-0.550600 -1.232342
-0.543543 -1.238356
-0.536367 -1.243452
-0.529064 -1.247637
-0.521628 -1.250920
-0.514053 -1.253309
-0.506335 -1.254813
-0.498468 -1.255442
-0.490447 -1.255203
-0.482271 -1.254107
-0.473936 -1.252162
-0.465440 -1.249379
-0.456781 -1.245767
-0.447959 -1.241336
-0.438973 -1.236097
-0.429824 -1.230060
-0.420513 -1.223235
-0.411041 -1.215633
-0.401410 -1.207266
-0.391624 -1.198144
-0.381686 -1.188279
-0.371599 -1.177683
-0.361369 -1.166365
-0.351000 -1.154339
-0.340498 -1.141616
-0.329869 -1.128207
-0.319119 -1.114125
-0.308257 -1.099380
-0.297290 -1.083984
-0.286227 -1.067948
-0.275075 -1.051284
-0.263845 -1.034003
-0.252547 -1.016116
-0.241191 -0.997633
-0.229787 -0.978564
-0.218348 -0.958920
-0.206886 -0.938710
-0.195412 -0.917942
-0.183941 -0.896626
-0.172485 -0.874770
-0.161058 -0.852381
-0.149676 -0.829465
-0.138353 -0.806030
-0.127105 -0.782080
-0.115948 -0.757621
-0.104899 -0.732656
-0.093974 -0.707189
-0.083191 -0.681221
-0.072568 -0.654756
-0.062123 -0.627792
-0.051875 -0.600331
-0.041842 -0.572371
-0.032044 -0.543911
-0.022499 -0.514948
-0.013226 -0.485481
-0.004244 -0.455506
0.004430 -0.425021
0.012780 -0.394024
0.020789 -0.362514
0.028445 -0.330492
0.035736 -0.297959
0.042654 -0.264923
0.049195 -0.231392
0.055359 -0.197381
0.061152 -0.162913
0.066585 -0.128013
0.071676 -0.092719
0.076449 -0.057075
0.080937 -0.021133
0.085178 0.015045
0.089217 0.051390
0.093103 0.087827
0.096889 0.124277
0.100628 0.160659
0.104374 0.196892
0.108177 0.232901
0.112085 0.268612
0.116138 0.303961
0.120372 0.338890
0.124814 0.373351
0.129486 0.407303
0.134403 0.440713
0.139574 0.473555
0.145003 0.505811
0.150688 0.537466
0.156626 0.568509
0.162808 0.598935
0.169224 0.628740
0.175862 0.657920
0.182708 0.686476
0.189747 0.714407
0.196964 0.741714
0.204342 0.768396
0.211866 0.794453
0.219519 0.819886
0.227285 0.844694
0.235149 0.868875
0.243094 0.892428
0.251105 0.915350
0.259168 0.937639
0.267267 0.959289
0.275389 0.980298
0.283521 1.000659
0.291649 1.020369
0.299760 1.039420
0.307844 1.057806
0.315887 1.075521
0.323880 1.092558
0.331812 1.108907
0.339673 1.124563
0.347454 1.139517
0.355145 1.153760
0.362739 1.167285
0.370229 1.180082
0.377606 1.192143
0.384864 1.203460
0.391998 1.214024
0.399001 1.223826
0.405870 1.232858
0.412598 1.241111
0.419184 1.248577
0.425624 1.255249
0.431914 1.261117
0.438054 1.266175
0.444041 1.270414
0.449876 1.273827
0.455558 1.276407
0.461087 1.278147
0.466466 1.279040
0.471695 1.279080
0.476777 1.278259
0.481715 1.276572
0.486513 1.274012
0.491176 1.270575
0.495709 1.266252
0.500117 1.261040
0.504407 1.254932
0.508586 1.247923
0.512663 1.240006
0.516645 1.231176
0.520541 1.221428
0.524362 1.210756
0.528117 1.199154
0.531818 1.186616
0.535476 1.173136
0.539101 1.158709
0.542707 1.143330
0.546304 1.126993
0.549905 1.109693
0.553520 1.091428
0.557160 1.072195
0.560834 1.051993
0.564549 1.030824
0.568311 1.008694
0.572120 0.985611
0.575976 0.961590
0.579871 0.936651
0.583792 0.910823
0.587719 0.884143
0.591625 0.856658
0.595474 0.828427
0.599222 0.799518
0.602815 0.770011
0.606193 0.739998
0.609289 0.709575
0.612031 0.678845
0.614348 0.647914
0.616168 0.616882
0.617423 0.585848
0.618051 0.554900
0.617999 0.524114
0.617222 0.493555
0.615687 0.463277
0.613367 0.433318
0.610247 0.403707
0.606318 0.374462
0.601580 0.345592
0.596037 0.317100
0.589699 0.288984
0.582579 0.261237
0.574695 0.233849
0.566065 0.206809
0.556710 0.180105
0.546651 0.153725
0.535911 0.127656
0.524514 0.101888
0.512482 0.076408
0.499838 0.051207
0.486608 0.026278
0.472813 0.001611
0.458476 -0.022799
0.443621 -0.046956
0.428271 -0.070864
0.412447 -0.094525
0.396171 -0.117941
0.379465 -0.141111
0.362351 -0.164033
0.344848 -0.186706
0.326978 -0.209126
0.308761 -0.231288
0.290216 -0.253188
0.271363 -0.274818
0.252222 -0.296171
0.232810 -0.317240
0.213146 -0.338017
0.193249 -0.358491
0.173135 -0.378652
0.152821 -0.398492
0.132325 -0.417997
0.111663 -0.437158
0.090851 -0.455961
0.069904 -0.474394
0.048837 -0.492446
0.027665 -0.510103
0.006402 -0.527351
-0.014937 -0.544178
-0.036340 -0.560571
-0.057793 -0.576515
-0.079284 -0.591999
-0.100800 -0.607007
-0.122329 -0.621528
-0.143860 -0.635549
-0.165381 -0.649057
-0.186881 -0.662041
-0.208349 -0.674489
-0.229773 -0.686391
-0.251144 -0.697737
-0.272451 -0.708519
-0.293681 -0.718729
-0.314825 -0.728360
-0.335870 -0.737407
-0.356806 -0.745869
-0.377618 -0.753741
-0.398296 -0.761026
-0.418824 -0.767726
-0.439187 -0.773846
-0.459372 -0.779392
-0.479359 -0.784375
-0.499132 -0.788808
-0.518671 -0.792705
-0.537956 -0.796084
-0.556963 -0.798968
-0.575671 -0.801378
-0.594054 -0.803342
-0.612086 -0.804887
-0.629741 -0.806043
-0.646990 -0.806844
-0.663806 -0.807321
-0.680160 -0.807509
-0.696023 -0.807442
-0.711367 -0.807154
-0.726165 -0.806679
-0.740389 -0.806050
-0.754014 -0.805296
-0.767015 -0.804447
-0.779370 -0.803531
-0.791056 -0.802572
-0.802056 -0.801594
-0.812350 -0.800616
-0.821922 -0.799656
-0.830758 -0.798731
-0.838846 -0.797855
-0.846174 -0.797038
-0.852732 -0.796292
-0.858512 -0.795623
-0.863507 -0.795040
-0.867711 -0.794547
-0.871119 -0.794150
-0.873728 -0.793850
-0.875534 -0.793652
-0.876535 -0.793556
-0.876732 -0.793563
-0.876122 -0.793674
-0.874708 -0.793888
-0.872491 -0.794203
-0.869472 -0.794618
-0.865656 -0.795130
-0.861046 -0.795734
-0.855648 -0.796425
-0.849469 -0.797198
-0.842517 -0.798045
-0.834799 -0.798955
-0.826328 -0.799919
-0.817115 -0.800924
-0.807174 -0.801954
-0.796520 -0.802992
-0.785170 -0.804019
-0.773144 -0.805014
-0.760461 -0.805951
-0.747144 -0.806805
-0.733217 -0.807548
-0.718705 -0.808148
-0.703635 -0.808575
-0.688033 -0.808795
-0.671928 -0.808773
-0.655349 -0.808477
-0.638323 -0.807871
-0.620880 -0.806922
-0.603047 -0.805598
-0.584851 -0.803867
-0.566319 -0.801700
-0.547477 -0.799070
-0.528347 -0.795953
-0.508952 -0.792325
-0.489315 -0.788169
-0.469454 -0.783468
-0.449389 -0.778207
-0.429135 -0.772377
-0.408711 -0.765967
-0.388130 -0.758973
-0.367408 -0.751391
-0.346556 -0.743220
-0.325588 -0.734461
-0.304516 -0.725115
-0.283351 -0.715187
-0.262104 -0.704683
-0.240787 -0.693611
-0.219411 -0.681977
-0.197985 -0.669792
-0.176522 -0.657066
-0.155031 -0.643810
-0.133525 -0.630034
-0.112014 -0.615752
-0.090510 -0.600976
-0.069024 -0.585719
-0.047569 -0.569993
-0.026158 -0.553813
-0.004802 -0.537191
0.016483 -0.520141
0.037686 -0.502676
0.058792 -0.484809
0.079785 -0.466554
0.100653 -0.447924
0.121378 -0.428929
0.141946 -0.409584
0.162340 -0.389899
0.182544 -0.369886
0.202541 -0.349555
0.222313 -0.328917
0.241843 -0.307981
0.261112 -0.286757
0.280103 -0.265253
0.298796 -0.243475
0.317172 -0.221431
0.335211 -0.199127
0.352894 -0.176568
0.370199 -0.153757
0.387107 -0.130698
0.403596 -0.107392
0.419644 -0.083840
0.435231 -0.060042
0.450334 -0.035996
0.464930 -0.011699
0.478996 0.012852
0.492511 0.037664
0.505450 0.062743
0.517790 0.088097
0.529508 0.113735
0.540580 0.139667
0.550984 0.165906
0.560695 0.192462
0.569692 0.219348
0.577954 0.246577
0.585461 0.274160
0.592195 0.302108
0.598140 0.330428
0.603286 0.359127
0.607624 0.388203
0.611153 0.417651
0.613877 0.447457
0.615807 0.477598
0.616965 0.508041
0.617381 0.538739
0.617094 0.569634
0.616153 0.600655
0.614616 0.631719
0.612548 0.662731
0.610018 0.693594
0.607100 0.724202
0.603865 0.754451
0.600383 0.784241
0.596718 0.813477
0.592926 0.842075
0.589057 0.869959
0.585150 0.897066
0.581238 0.923343
0.577344 0.948748
0.573483 0.973249
0.569666 0.996821
0.565897 1.019447
0.562176 1.041116
0.558500 1.061820
0.554862 1.081556
0.551254 1.100324
0.547666 1.118125
0.544087 1.134962
0.540506 1.150839
0.536911 1.165761
0.533291 1.179734
0.529633 1.192762
0.525926 1.204852
0.522160 1.216009
0.518323 1.226239
0.514406 1.235548
0.510399 1.243941
0.506293 1.251425
0.502081 1.258004
0.497754 1.263685
0.493306 1.268472
0.488731 1.272373
0.484023 1.275392
0.479178 1.277536
0.474190 1.278810
0.469058 1.279221
0.463777 1.278775
0.458346 1.277479
0.452763 1.275339
0.447028 1.272362
0.441139 1.268555
0.435099 1.263926
0.428907 1.258482
0.422564 1.252230
0.416075 1.245180
0.409441 1.237338
0.402665 1.228713
0.395752 1.219313
0.388706 1.209147
0.381533 1.198223
0.374238 1.186550
0.366827 1.174136
0.359308 1.160990
0.351688 1.147120
0.343974 1.132536
0.336176 1.117244
0.328302 1.101254
0.320362 1.084573
0.312366 1.067209
0.304325 1.049169
0.296249 1.030461
0.288152 1.011090
0.280044 0.991063
0.271939 0.970386
0.263850 0.949064
0.255791 0.927102
0.247776 0.904502
0.239819 0.881270
0.231936 0.857408
0.224143 0.832917
0.216455 0.807800
0.208887 0.782056
0.201457 0.755688
0.194181 0.728694
0.187074 0.701075
0.180153 0.672830
0.173432 0.643959
0.166926 0.614464
0.160648 0.584344
0.154609 0.553604
0.148818 0.522248
0.143281 0.490286
0.138002 0.457729
0.132978 0.424593
0.128204 0.390902
0.123667 0.356684
0.119348 0.321978
0.115224 0.286827
0.111261 0.251284
0.107422 0.215413
0.103662 0.179280
0.099933 0.142962
0.096182 0.106537
0.092355 0.070087
0.088399 0.033691
0.084262 -0.002573
0.079898 -0.038634
0.075265 -0.074425
0.070328 -0.109891
0.065059 -0.144981
0.059436 -0.179658
0.053446 -0.213889
0.047079 -0.247650
0.040334 -0.280924
0.033213 -0.313698
0.025722 -0.345965
0.017870 -0.377721
0.009671 -0.408964
0.001139 -0.439695
-0.007710 -0.469916
-0.016858 -0.499629
-0.026288 -0.528836
-0.035982 -0.557541
-0.045919 -0.585745
-0.056081 -0.613451
-0.066450 -0.640659
-0.077007 -0.667370
-0.087732 -0.693585
-0.098609 -0.719300
-0.109619 -0.744516
-0.120745 -0.769228
-0.131971 -0.793434
-0.143279 -0.817128
-0.154655 -0.840307
-0.166082 -0.862963
-0.177547 -0.885090
-0.189034 -0.906681
-0.200529 -0.927729
-0.212021 -0.948224
-0.223495 -0.968159
-0.234939 -0.987523
-0.246343 -1.006308
-0.257693 -1.024502
-0.268981 -1.042096
-0.280195 -1.059079
-0.291326 -1.075440
-0.302364 -1.091167
-0.313302 -1.106250
-0.324131 -1.120677
-0.334844 -1.134436
-0.345432 -1.147515
-0.355891 -1.159904
-0.366214 -1.171590
-0.376396 -1.182562
-0.386431 -1.192809
-0.396316 -1.202318
-0.406047 -1.211078
-0.415621 -1.219079
-0.425035 -1.226309
-0.434288 -1.232757
-0.443378 -1.238413
-0.452304 -1.243266
-0.461067 -1.247305
-0.469667 -1.250520
-0.478104 -1.252903
-0.486382 -1.254441
-0.494502 -1.255127
-0.502467 -1.254951
-0.510281 -1.253904
-0.517949 -1.251976
-0.525475 -1.249158
-0.532865 -1.245444
-0.540126 -1.240822
-0.547263 -1.235287
-0.554285 -1.228829
-0.561198 -1.221440
-0.568012 -1.213113
-0.574736 -1.203841
-0.581377 -1.193617
-0.587945 -1.182434
-0.594449 -1.170287
-0.600898 -1.157171
-0.607301 -1.143082
-0.613664 -1.128019
-0.619995 -1.111981
-0.626299 -1.094970
-0.632577 -1.076992
-0.638831 -1.058056
-0.645056 -1.038178
-0.651246 -1.017375
-0.657387 -0.995677
-0.663461 -0.973116
-0.669443 -0.949736
-0.675303 -0.925589
-0.680999 -0.900738
-0.686486 -0.875254
-0.691711 -0.849218
-0.696615 -0.822716
-0.701136 -0.795841
-0.705207 -0.768689
-0.708763 -0.741354
-0.711742 -0.713927
-0.714085 -0.686494
-0.715738 -0.659131
-0.716657 -0.631904
-0.716803 -0.604870
-0.716148 -0.578074
-0.714669 -0.551548
-0.712353 -0.525320
-0.709192 -0.499403
-0.705185 -0.473809
-0.700337 -0.448539
-0.694654 -0.423593
-0.688147 -0.398966
-0.680831 -0.374651
-0.672721 -0.350640
-0.663835 -0.326923
-0.654190 -0.303491
-0.643806 -0.280333
-0.632702 -0.257443
-0.620899 -0.234810
-0.608417 -0.212428
-0.595275 -0.190291
-0.581495 -0.168393
-0.567096 -0.146731
-0.552099 -0.125301
-0.536522 -0.104103
-0.520386 -0.083137
-0.503710 -0.062402
-0.486513 -0.041902
-0.468814 -0.021639
-0.450632 -0.001617
-0.431984 0.018158
-0.412889 0.037680
-0.393365 0.056943
-0.373429 0.075938
-0.353099 0.094657
-0.332391 0.113091
-0.311323 0.131230
-0.289910 0.149064
-0.268170 0.166582
-0.246118 0.183772
-0.223771 0.200625
-0.201143 0.217127
-0.178251 0.233267
-0.155111 0.249035
-0.131736 0.264419
-0.108144 0.279407
-0.084350 0.293991
-0.060369 0.308160
-0.036217 0.321905
-0.011911 0.335219
0.012534 0.348096
0.037098 0.360532
0.061766 0.372522
0.086517 0.384067
0.111333 0.395167
0.136191 0.405827
0.161072 0.416053
0.185950 0.425853
0.210802 0.435241
0.235601 0.444231
0.260320 0.452841
0.284929 0.461093
0.309397 0.469010
0.333694 0.476620
0.357786 0.483951
0.381639 0.491033
0.405219 0.497899
0.428491 0.504582
0.451420 0.511115
0.473971 0.517531
0.496112 0.523864
0.517808 0.530143
0.539030 0.536400
0.559745 0.542661
0.579927 0.548952
0.599548 0.555297
0.618584 0.561714
0.637010 0.568223
0.654807 0.574839
0.671954 0.581575
0.688434 0.588441
0.704229 0.595447
0.719326 0.602600
0.733711 0.609904
0.747370 0.617365
0.760293 0.624985
0.772469 0.632766
0.783889 0.640710
0.794544 0.648817
0.804425 0.657087
0.813525 0.665521
0.821837 0.674117
0.829355 0.682876
0.836074 0.691795
0.841988 0.700875
0.847093 0.710112
0.851386 0.719507
0.854863 0.729055
0.857524 0.738754
0.859366 0.748600
0.860392 0.758587
0.860602 0.768710
0.860000 0.778959
0.858592 0.789325
0.856384 0.799794
0.853387 0.810352
0.849611 0.820980
0.845071 0.831657
0.839785 0.842357
0.833771 0.853052
0.827052 0.863710
0.819652 0.874295
0.811599 0.884767
0.802922 0.895085
0.793651 0.905204
0.783819 0.915078
0.773459 0.924659
0.762603 0.933899
0.751286 0.942750
0.739538 0.951167
0.727391 0.959105
0.714873 0.966521
0.702013 0.973377
0.688836 0.979637
0.675363 0.985268
0.661616 0.990242
0.647614 0.994535
0.633371 0.998125
0.618903 1.000996
0.604220 1.003132
0.589334 1.004524
0.574254 1.005163
0.558986 1.005045
0.543538 1.004166
0.527915 1.002526
0.512122 1.000127
0.496164 0.996973
0.480043 0.993067
0.463765 0.988417
0.447331 0.983029
0.430747 0.976913
0.414015 0.970078
0.397139 0.962535
0.380123 0.954294
0.362972 0.945368
0.345689 0.935769
0.328280 0.925509
0.310749 0.914602
0.293103 0.903062
0.275348 0.890901
0.257490 0.878135
0.239536 0.864778
0.221495 0.850843
0.203373 0.836346
0.185181 0.821300
0.166926 0.805721
0.148619 0.789622
0.130270 0.773017
0.111890 0.755922
0.093490 0.738349
0.075082 0.720313
0.056678 0.701826
0.038292 0.682904
0.019936 0.663557
0.001624 0.643799
-0.016628 0.623642
-0.034807 0.603097
-0.052896 0.582177
-0.070880 0.560890
-0.088743 0.539249
-0.106466 0.517262
-0.124034 0.494937
-0.141428 0.472285
-0.158630 0.449311
-0.175621 0.426023
-0.192382 0.402426
-0.208893 0.378526
-0.225134 0.354326
-0.241084 0.329830
-0.256723 0.305040
-0.272029 0.279958
-0.286979 0.254581
-0.301552 0.228911
-0.315725 0.202943
-0.329475 0.176675
-0.342777 0.150102
-0.355609 0.123217
-0.367947 0.096013
-0.379765 0.068481
-0.391040 0.040612
-0.401748 0.012395
-0.411865 -0.016181
-0.421367 -0.045127
-0.430234 -0.074455
-0.438443 -0.104176
-0.445976 -0.134299
-0.452818 -0.164831
-0.458954 -0.195777
-0.464378 -0.227135
-0.469087 -0.258899
-0.473083 -0.291053
-0.476379 -0.323575
-0.478994 -0.356429
-0.480958 -0.389568
-0.482311 -0.422935
-0.483099 -0.456457
-0.483382 -0.490051
-0.483222 -0.523626
-0.482689 -0.557082
-0.481854 -0.590318
-0.480787 -0.623231
-0.479556 -0.655722
-0.478223 -0.687702
-0.476842 -0.719087
-0.475460 -0.749807
-0.474114 -0.779800
-0.472834 -0.809016
-0.471641 -0.837417
-0.470548 -0.864973
-0.469563 -0.891660
-0.468689 -0.917462
-0.467923 -0.942370
-0.467260 -0.966377
-0.466692 -0.989479
-0.466208 -1.011676
-0.465798 -1.032969
-0.465448 -1.053359
-0.465146 -1.072850
-0.464879 -1.091445
-0.464633 -1.109146
-0.464395 -1.125958
-0.464152 -1.141883
-0.463891 -1.156925
-0.463601 -1.171086
-0.463270 -1.184370
-0.462887 -1.196777
-0.462442 -1.208311
-0.461924 -1.218974
-0.461325 -1.228766
-0.460637 -1.237690
-0.459851 -1.245748
-0.458961 -1.252940
-0.457960 -1.259268
-0.456842 -1.264734
-0.455603 -1.269339
-0.454237 -1.273085
-0.452741 -1.275974
-0.451112 -1.278007
-0.449347 -1.279187
-0.447444 -1.279516
-0.445403 -1.278996
-0.443222 -1.277629
-0.440903 -1.275420
-0.438444 -1.272370
-0.435849 -1.268482
-0.433118 -1.263761
-0.430255 -1.258210
-0.427262 -1.251833
-0.424144 -1.244632
-0.420905 -1.236613
-0.417550 -1.227780
-0.414084 -1.218135
-0.410515 -1.207685
-0.406848 -1.196432
-0.403092 -1.184381
-0.399254 -1.171535
-0.395343 -1.157899
-0.391369 -1.143476
-0.387342 -1.128269
-0.383271 -1.112282
-0.379168 -1.095518
-0.375044 -1.077978
-0.370913 -1.059665
-0.366785 -1.040580
-0.362675 -1.020725
-0.358596 -1.000100
-0.354562 -0.978706
-0.350587 -0.956542
-0.346686 -0.933609
-0.342873 -0.909905
-0.339163 -0.885430
-0.335569 -0.860183
-0.332105 -0.834164
-0.328784 -0.807375
-0.325617 -0.779816
-0.322613 -0.751493
-0.319779 -0.722412
-0.317119 -0.692582
-0.314633 -0.662019
-0.312315 -0.630743
-0.310157 -0.598780
-0.308140 -0.566165
-0.306242 -0.532942
-0.304432 -0.499162
-0.302670 -0.464889
-0.300910 -0.430192
-0.299100 -0.395151
-0.297183 -0.359852
-0.295098 -0.324384
-0.292783 -0.288837
-0.290178 -0.253300
-0.287226 -0.217857
-0.283875 -0.182584
-0.280082 -0.147550
-0.275809 -0.112811
-0.271028 -0.078415
-0.265720 -0.044400
-0.259871 -0.010791
-0.253477 0.022391
-0.246538 0.055134
-0.239060 0.087432
-0.231053 0.119284
-0.222530 0.150691
-0.213509 0.181658
-0.204007 0.212190
-0.194044 0.242294
-0.183641 0.271978
-0.172821 0.301249
-0.161604 0.330113
-0.150013 0.358577
-0.138071 0.386646
-0.125800 0.414325
-0.113221 0.441617
-0.100356 0.468524
-0.087226 0.495049
-0.073852 0.521191
-0.060255 0.546949
-0.046454 0.572323
-0.032469 0.597310
-0.018318 0.621905
-0.004020 0.646104
0.010407 0.669902
0.024946 0.693293
0.039580 0.716270
0.054293 0.738825
0.069069 0.760949
0.083892 0.782635
0.098748 0.803871
0.113623 0.824649
0.128503 0.844957
0.143375 0.864784
0.158225 0.884119
0.173043 0.902950
0.187816 0.921264
0.202533 0.939050
0.217184 0.956294
0.231758 0.972983
0.246246 0.989104
0.260640 1.004643
0.274931 1.019587
0.289110 1.033923
0.303171 1.047636
0.317107 1.060712
0.330912 1.073138
0.344579 1.084900
0.358105 1.095985
0.371485 1.106378
0.384714 1.116066
0.397790 1.125035
0.410709 1.133272
0.423470 1.140765
0.436070 1.147499
0.448510 1.153462
0.460788 1.158643
0.472904 1.163027
0.484860 1.166604
0.496656 1.169361
0.508294 1.171287
0.519777 1.172372
0.531106 1.172605
0.542286 1.171975
0.553319 1.170473
0.564209 1.168089
0.574960 1.164817
0.585576 1.160648
0.596062 1.155575
0.606421 1.149594
0.616656 1.142699
0.626771 1.134890
0.636767 1.126164
0.646647 1.116524
0.656409 1.105974
0.666052 1.094521
0.675571 1.082176
0.684960 1.068953
0.694207 1.054874
0.703301 1.039962
0.712223 1.024248
0.720950 1.007770
0.729457 0.990571
0.737712 0.972701
0.745678 0.954217
0.753315 0.935182
0.760579 0.915662
0.767423 0.895729
0.773796 0.875457
0.779650 0.854919
0.784934 0.834189
0.789603 0.813335
0.793611 0.792425
0.796919 0.771516
0.799490 0.750663
0.801295 0.729910
0.802309 0.709297
0.802512 0.688855
0.801889 0.668607
0.800431 0.648574
0.798133 0.628769
0.794992 0.609201
0.791009 0.589874
0.786189 0.570793
0.780538 0.551957
0.774063 0.533365
0.766776 0.515016
0.758685 0.496906
0.749802 0.479032
0.740141 0.461392
0.729713 0.443983
0.718532 0.426803
0.706611 0.409850
0.693964 0.393124
0.680604 0.376626
0.666545 0.360355
0.651801 0.344314
0.636385 0.328506
0.620312 0.312933
0.603595 0.297600
0.586247 0.282512
0.568283 0.267674
0.549717 0.253091
0.530561 0.238771
0.510832 0.224718
0.490542 0.210940
0.469708 0.197443
0.448343 0.184232
0.426464 0.171312
0.404087 0.158688
0.381229 0.146362
0.357908 0.134336
0.334144 0.122611
0.309956 0.111183
0.285368 0.100048
0.260402 0.089199
0.235084 0.078625
0.209441 0.068314
0.183502 0.058248
0.157299 0.048407
0.130864 0.038768
0.104233 0.029305
0.077443 0.019988
0.050532 0.010785
0.023540 0.001661
-0.003494 -0.007418
-0.030527 -0.016489
-0.057518 -0.025589
-0.084428 -0.034753
-0.111216 -0.044015
-0.137843 -0.053410
-0.164272 -0.062966
-0.190468 -0.072711
-0.216396 -0.082670
-0.242026 -0.092863
-0.267326 -0.103309
-0.292271 -0.114021
-0.316833 -0.125011
-0.340989 -0.136287
-0.364717 -0.147855
-0.387996 -0.159717
-0.410805 -0.171874
-0.433128 -0.184326
-0.454947 -0.197069
-0.476245 -0.210101
-0.497007 -0.223416
-0.517217 -0.237010
-0.536861 -0.250876
-0.555924 -0.265008
-0.574392 -0.279401
-0.592251 -0.294048
-0.609489 -0.308944
-0.626090 -0.324083
-0.642041 -0.339461
-0.657330 -0.355075
-0.671941 -0.370919
-0.685863 -0.386993
-0.699080 -0.403294
-0.711581 -0.419822
-0.723351 -0.436575
-0.734376 -0.453556
-0.744645 -0.470764
-0.754145 -0.488202
-0.762862 -0.505873
-0.770785 -0.523779
-0.777903 -0.541922
-0.784205 -0.560306
-0.789683 -0.578931
-0.794329 -0.597799
-0.798137 -0.616908
-0.801104 -0.636257
-0.803229 -0.655837
-0.804514 -0.675640
-0.804967 -0.695652
-0.804596 -0.715852
-0.803418 -0.736216
-0.801451 -0.756712
-0.798723 -0.777300
-0.795262 -0.797934
-0.791106 -0.818562
-0.786293 -0.839124
-0.780868 -0.859554
-0.774879 -0.879783
-0.768373 -0.899740
-0.761400 -0.919350
-0.754008 -0.938541
-0.746245 -0.957243
-0.738153 -0.975390
-0.729773 -0.992920
-0.721140 -1.009778
-0.712285 -1.025914
-0.703233 -1.041286
-0.694008 -1.055858
-0.684625 -1.069598
-0.675100 -1.082484
-0.665440 -1.094494
-0.655654 -1.105616
-0.645745 -1.115837
-0.635716 -1.125151
-0.625567 -1.133554
-0.615297 -1.141045
-0.604904 -1.147624
-0.594385 -1.153294
-0.583737 -1.158058
-0.572956 -1.161923
-0.562039 -1.164895
-0.550980 -1.166982
-0.539778 -1.168191
-0.528428 -1.168533
-0.516927 -1.168016
-0.505272 -1.166652
-0.493461 -1.164449
-0.481492 -1.161421
-0.469362 -1.157578
-0.457072 -1.152931
-0.444621 -1.147494
-0.432009 -1.141278
-0.419236 -1.134297
-0.406304 -1.126562
-0.393215 -1.118088
-0.379970 -1.108887
-0.366573 -1.098972
-0.353028 -1.088359
-0.339337 -1.077059
-0.325507 -1.065087
-0.311542 -1.052457
-0.297449 -1.039182
-0.283232 -1.025277
-0.268900 -1.010755
-0.254460 -0.995630
-0.239920 -0.979916
-0.225288 -0.963626
-0.210573 -0.946773
-0.195786 -0.929372
-0.180936 -0.911435
-0.166034 -0.892975
-0.151092 -0.874005
-0.136121 -0.854536
-0.121134 -0.834580
-0.106143 -0.814150
-0.091161 -0.793256
-0.076204 -0.771908
-0.061284 -0.750116
-0.046417 -0.727891
-0.031619 -0.705241
-0.016906 -0.682173
-0.002293 -0.658697
0.012202 -0.634818
0.026561 -0.610542
0.040767 -0.585875
0.054801 -0.560821
0.068643 -0.535383
0.082275 -0.509565
0.095677 -0.483366
0.108827 -0.456789
0.121705 -0.429831
0.134289 -0.402493
0.146558 -0.374770
0.158490 -0.346658
0.170063 -0.318155
0.181254 -0.289252
0.192040 -0.259945
0.202400 -0.230226
0.212312 -0.200087
0.221755 -0.169522
0.230710 -0.138524
0.239157 -0.107085
0.247082 -0.075204
0.254470 -0.042877
0.261313 -0.010107
0.267604 0.023099
0.273344 0.056729
0.278539 0.090762
0.283204 0.125169
0.287358 0.159912
0.291032 0.194942
0.294263 0.230201
0.297098 0.265618
0.299589 0.301116
0.301793 0.336609
0.303772 0.372009
0.305588 0.407223
0.307301 0.442164
0.308968 0.476745
0.310642 0.510889
0.312368 0.544525
0.314183 0.577592
0.316117 0.610039
0.318195 0.641824
0.320430 0.672914
0.322833 0.703282
0.325408 0.732909
0.328155 0.761781
0.331069 0.789890
0.334142 0.817227
0.337366 0.843791
0.340728 0.869579
0.344217 0.894590
0.347818 0.918824
0.351518 0.942283
0.355303 0.964967
0.359156 0.986877
0.363065 1.008012
0.367016 1.028374
0.370993 1.047962
0.374985 1.066775
0.378977 1.084812
0.382958 1.102071
0.386915 1.118551
0.390837 1.134249
0.394713 1.149163
0.398532 1.163288
0.402285 1.176623
0.405964 1.189164
0.409558 1.200906
0.413061 1.211847
0.416465 1.221982
0.419763 1.231307
0.422949 1.239818
0.426018 1.247512
0.428965 1.254384
0.431786 1.260432
0.434476 1.265650
0.437033 1.270036
0.439454 1.273586
0.441738 1.276298
0.443884 1.278168
0.445890 1.279193
0.447758 1.279371
0.449488 1.278699
0.451080 1.277175
0.452538 1.274798
0.453864 1.271565
0.455062 1.267475
0.456135 1.262527
0.457087 1.256717
0.457926 1.250047
0.458655 1.242513
0.459282 1.234115
0.459815 1.224851
0.460261 1.214721
0.460629 1.203722
0.460928 1.191853
0.461168 1.179112
0.461359 1.165497
0.461514 1.151005
0.461642 1.135635
0.461758 1.119384
0.461872 1.102248
0.461999 1.084224
0.462152 1.065309
0.462343 1.045501
0.462587 1.024795
0.462896 1.003189
0.463283 0.980682
0.463758 0.957273
0.464331 0.932963
0.465011 0.907757
0.465802 0.881660
0.466705 0.854686
0.467717 0.826851
0.468828 0.798178
0.470025 0.768701
0.471285 0.738460
0.472575 0.707508
0.473858 0.675907
0.475085 0.643730
0.476200 0.611063
0.477140 0.577996
0.477836 0.544631
0.478219 0.511067
0.478217 0.477408
0.477762 0.443750
0.476792 0.410185
0.475252 0.376791
0.473094 0.343639
0.470283 0.310784
0.466791 0.278271
0.462599 0.246130
0.457698 0.214386
0.452086 0.183049
0.445767 0.152127
0.438749 0.121618
0.431047 0.091518
0.422677 0.061820
0.413659 0.032514
0.404013 0.003588
0.393762 -0.024967
0.382928 -0.053165
0.371537 -0.081016
0.359612 -0.108530
0.347177 -0.135716
0.334257 -0.162584
0.320875 -0.189139
0.307055 -0.215388
0.292821 -0.241335
0.278195 -0.266983
0.263201 -0.292336
0.247860 -0.317393
0.232195 -0.342155
0.216226 -0.366621
0.199975 -0.390787
0.183462 -0.414651
0.166707 -0.438208
0.149730 -0.461453
0.132550 -0.484380
0.115184 -0.506982
0.097653 -0.529251
0.079973 -0.551180
0.062161 -0.572758
0.044234 -0.593976
0.026209 -0.614824
0.008101 -0.635291
-0.010074 -0.655366
-0.028302 -0.675036
-0.046569 -0.694291
-0.064860 -0.713116
-0.083163 -0.731499
-0.101465 -0.749427
-0.119754 -0.766886
-0.138017 -0.783863
-0.156245 -0.800342
-0.174425 -0.816312
-0.192549 -0.831755
-0.210607 -0.846660
-0.228589 -0.861010
-0.246488 -0.874792
-0.264295 -0.887992
-0.282002 -0.900594
-0.299604 -0.912585
-0.317094 -0.923950
-0.334465 -0.934676
-0.351712 -0.944750
-0.368831 -0.954157
-0.385816 -0.962886
-0.402663 -0.970923
-0.419369 -0.978258
-0.435929 -0.984879
-0.452341 -0.990775
-0.468600 -0.995937
-0.484704 -1.000357
-0.500650 -1.004026
-0.516433 -1.006939
-0.532051 -1.009090
-0.547499 -1.010476
-0.562772 -1.011096
-0.577866 -1.010949
-0.592773 -1.010040
-0.607487 -1.008372
-0.621999 -1.005954
-0.636299 -1.002796
-0.650375 -0.998912
-0.664213 -0.994321
-0.677797 -0.989042
-0.691109 -0.983102
-0.704128 -0.976528
-0.716832 -0.969353
-0.729195 -0.961613
-0.741189 -0.953348
-0.752786 -0.944600
-0.763955 -0.935414
-0.774662 -0.925838
-0.784875 -0.915920
-0.794559 -0.905707
-0.803683 -0.895250
-0.812213 -0.884593
-0.820118 -0.873783
-0.827368 -0.862863
-0.833937 -0.851871
-0.839799 -0.840844
-0.844932 -0.829815
-0.849317 -0.818813
-0.852936 -0.807863
-0.855775 -0.796986
-0.857822 -0.786201
-0.859068 -0.775524
-0.859507 -0.764966
-0.859133 -0.754539
-0.857942 -0.744249
-0.855933 -0.734105
-0.853106 -0.724110
-0.849461 -0.714270
-0.845001 -0.704586
-0.839728 -0.695062
-0.833646 -0.685699
-0.826760 -0.676499
-0.819076 -0.667463
-0.810597 -0.658591
-0.801333 -0.649886
-0.791288 -0.641347
-0.780471 -0.632974
-0.768890 -0.624768
-0.756554 -0.616728
-0.743472 -0.608853
-0.729656 -0.601141
-0.715116 -0.593590
-0.699866 -0.586196
-0.683918 -0.578954
-0.667287 -0.571857
-0.649990 -0.564897
-0.632045 -0.558063
-0.613471 -0.551344
-0.594289 -0.544724
-0.574523 -0.538185
-0.554196 -0.531709
-0.533336 -0.525271
-0.511971 -0.518849
-0.490131 -0.512413
-0.467848 -0.505935
-0.445154 -0.499383
-0.422084 -0.492726
-0.398672 -0.485930
-0.374952 -0.478961
-0.350961 -0.471787
-0.326733 -0.464374
-0.302303 -0.456692
-0.277703 -0.448711
-0.252966 -0.440405
-0.228123 -0.431748
-0.203203 -0.422720
-0.178236 -0.413300
-0.153247 -0.403475
-0.128261 -0.393230
-0.103303 -0.382557
-0.078394 -0.371449
-0.053557 -0.359900
-0.028810 -0.347911
-0.004172 -0.335480
0.020337 -0.322612
0.044701 -0.309310
0.068902 -0.295580
0.092925 -0.281430
0.116754 -0.266868
0.140371 -0.251904
0.163763 -0.236548
0.186913 -0.220811
0.209805 -0.204702
0.232425 -0.188235
0.254757 -0.171421
0.276784 -0.154269
0.298491 -0.136793
0.319862 -0.119004
0.340880 -0.100910
0.361530 -0.082524
0.381793 -0.063854
0.401654 -0.044910
0.421094 -0.025700
0.440097 -0.006232
0.458645 0.013488
0.476719 0.033453
0.494301 0.053659
0.511374 0.074102
0.527917 0.094778
0.543912 0.115686
0.559340 0.136825
0.574181 0.158196
0.588415 0.179800
0.602023 0.201640
0.614985 0.223720
0.627280 0.246046
0.638889 0.268623
0.649791 0.291460
0.659967 0.314564
0.669398 0.337945
0.678063 0.361612
0.685946 0.385574
0.693030 0.409840
0.699300 0.434418
0.704743 0.459315
0.709348 0.484535
0.713109 0.510077
0.716023 0.535936
0.718094 0.562103
0.719330 0.588558
0.719747 0.615274
0.719368 0.642216
0.718225 0.669335
0.716356 0.696574
0.713810 0.723863
0.710640 0.751124
0.706906 0.778271
0.702672 0.805212
0.698002 0.831852
0.692961 0.858097
0.687612 0.883856
0.682010 0.909044
0.676208 0.933581
0.670250 0.957400
0.664173 0.980440
0.658008 1.002652
0.651778 1.023994
0.645500 1.044433
0.639186 1.063945
0.632841 1.082511
0.626469 1.100118
0.620070 1.116756
0.613639 1.132423
0.607172 1.147115
0.600662 1.160833
0.594102 1.173580
0.587483 1.185359
0.580796 1.196176
0.574032 1.206036
0.567183 1.214946
0.560239 1.222913
0.553192 1.229945
0.546035 1.236048
0.538759 1.241231
0.531357 1.245503
0.523823 1.248871
0.516151 1.251344
0.508335 1.252931
0.500371 1.253641
0.492254 1.253482
0.483982 1.252465
0.475551 1.250599
0.466958 1.247894
0.458204 1.244358
0.449285 1.240003
0.440203 1.234839
0.430957 1.228877
0.421549 1.222126
0.411979 1.214599
0.402251 1.206305
0.392366 1.197256
0.382328 1.187464
0.372141 1.176941
0.361809 1.165696
0.351337 1.153743
0.340732 1.141093
0.329998 1.127758
0.319142 1.113749
0.308173 1.099078
0.297097 1.083757
0.285923 1.067797
0.274659 1.051210
0.263316 1.034007
0.251902 1.016198
0.240428 0.997795
0.228906 0.978807
0.217345 0.959246
0.205760 0.939120
0.194161 0.918439
0.182561 0.897211
0.170975 0.875445
0.159417 0.853149
0.147900 0.830330
0.136439 0.806993
0.125051 0.783146
0.113752 0.758792
0.102557 0.733936
0.091484 0.708581
0.080550 0.682731
0.069773 0.656386
0.059171 0.629549
0.048764 0.602218
0.038569 0.574393
0.028606 0.546073
0.018893 0.517256
0.009450 0.487939
0.000296 0.458120
-0.008552 0.427796
-0.017076 0.396963
-0.025261 0.365622
-0.033091 0.333771
-0.040556 0.301412
-0.047645 0.268549
-0.054352 0.235190
-0.060676 0.201349
-0.066620 0.167044
-0.072194 0.132299
-0.077412 0.097147
-0.082297 0.061630
-0.086878 0.025797
-0.091192 -0.010293
-0.095281 -0.046574
-0.099193 -0.082972
-0.102979 -0.119411
-0.106693 -0.155809
-0.110390 -0.192084
-0.114121 -0.228160
-0.117934 -0.263960
-0.121874 -0.299417
-0.125978 -0.334472
-0.130276 -0.369071
-0.134793 -0.403170
-0.139547 -0.436735
-0.144547 -0.469736
-0.149801 -0.502153
-0.155308 -0.533968
-0.161066 -0.565171
-0.167068 -0.595754
-0.173304 -0.625711
-0.179764 -0.655039
-0.186433 -0.683739
-0.193298 -0.711808
-0.200343 -0.739247
-0.207553 -0.766057
-0.214911 -0.792237
-0.222402 -0.817787
-0.230009 -0.842706
-0.237716 -0.866995
-0.245507 -0.890651
-0.253368 -0.913671
-0.261283 -0.936053
-0.269238 -0.957794
-0.277218 -0.978890
-0.285211 -0.999335
-0.293202 -1.019124
-0.301180 -1.038252
-0.309132 -1.056713
-0.317046 -1.074500
-0.324912 -1.091606
-0.332719 -1.108023
-0.340457 -1.123745
-0.348117 -1.138762
-0.355690 -1.153068
-0.363167 -1.166653
-0.370541 -1.179510
-0.377804 -1.191630
-0.384950 -1.203004
-0.391973 -1.213625
-0.398867 -1.223483
-0.405627 -1.232570
-0.412248 -1.240879
-0.418728 -1.248400
-0.425062 -1.255126
-0.431248 -1.261049
-0.437285 -1.266161
-0.443169 -1.270454
-0.448902 -1.273922
-0.454482 -1.276558
-0.459910 -1.278353
-0.465187 -1.279303
-0.470316 -1.279399
-0.475297 -1.278636
-0.480135 -1.277008
-0.484833 -1.274508
-0.489395 -1.271131
-0.493827 -1.266872
-0.498133 -1.261723
-0.502322 -1.255680
-0.506399 -1.248737
-0.510372 -1.240889
-0.514251 -1.232130
-0.518043 -1.222455
-0.521759 -1.211857
-0.525408 -1.200332
-0.529002 -1.187873
-0.532551 -1.174475
-0.536068 -1.160132
-0.539564 -1.144839
-0.543050 -1.128591
-0.546540 -1.111382
-0.550043 -1.093210
-0.553571 -1.074072
-0.557133 -1.053966
-0.560737 -1.032893
-0.564389 -1.010859
-0.568091 -0.987871
-0.571843 -0.963942
-0.575639 -0.939091
-0.579467 -0.913344
-0.583310 -0.886737
-0.587141 -0.859313
-0.590927 -0.831130
-0.594626 -0.802253
-0.598186 -0.772760
-0.601548 -0.742739
-0.604647 -0.712286
-0.607412 -0.681504
-0.609771 -0.650497
-0.611650 -0.619369
-0.612983 -0.588217
-0.613704 -0.557134
-0.613759 -0.526197
-0.613101 -0.495477
-0.611694 -0.465027
-0.609509 -0.434891
-0.606529 -0.405098
-0.602744 -0.375670
-0.598151 -0.346617
-0.592754 -0.317945
-0.586563 -0.289650
-0.579589 -0.261727
-0.571849 -0.234167
-0.563361 -0.206960
-0.554146 -0.180094
-0.544226 -0.153555
-0.533622 -0.127331
-0.522358 -0.101412
-0.510458 -0.075785
-0.497945 -0.050441
-0.484842 -0.025370
-0.471172 -0.000566
-0.456960 0.023979
-0.442228 0.048269
-0.426998 0.072308
-0.411293 0.096100
-0.395136 0.119644
-0.378547 0.142941
-0.361548 0.165990
-0.344160 0.188790
-0.326405 0.211336
-0.308301 0.233624
-0.289869 0.255650
-0.271129 0.277407
-0.252099 0.298888
-0.232799 0.320086
-0.213247 0.340991
-0.193461 0.361596
-0.173458 0.381891
-0.153256 0.401864
-0.132872 0.421505
-0.112322 0.440802
-0.091622 0.459745
-0.070788 0.478320
-0.049834 0.496515
-0.028776 0.514317
-0.007628 0.531713
0.013596 0.548690
0.034883 0.565234
0.056220 0.581332
0.077593 0.596971
0.098991 0.612138
0.120402 0.626818
0.141813 0.641000
0.163214 0.654670
0.184594 0.667817
0.205941 0.680429
0.227245 0.692494
0.248495 0.704004
0.269680 0.714948
0.290791 0.725318
0.311816 0.735108
0.332744 0.744310
0.353563 0.752922
0.374263 0.760940
0.394831 0.768364
0.415254 0.775195
0.435517 0.781436
0.455606 0.787093
0.475506 0.792175
0.495199 0.796692
0.514666 0.800658
0.533889 0.804090
0.552847 0.807006
0.571516 0.809429
0.589873 0.811384
0.607893 0.812896
0.625551 0.813997
