10.000039
10.000124
10.000223
10.000311
10.000379
10.000420
10.000436
10.000431
10.000412
10.000385
10.000355
10.000327
10.000303
10.000285
10.000274
10.000268
10.000266
10.000266
10.000267
10.000267
10.000268
10.000268
10.000269
10.000272
10.000281
10.000297
10.000323
10.000359
10.000407
10.000464
10.000527
10.000591
10.000647
10.000685
10.000694
10.000661
10.000575
10.000428
10.000215
9.999941
9.999620
9.999279
9.998960
9.998719
9.998631
9.998787
9.999289
10.000255
10.001809
10.004079
10.007191
10.011267
10.016419
10.022743
10.030319
10.039205
10.049438
10.061031
10.073975
10.088236
10.103758
10.120466
10.138266
10.157045
10.176678
10.197027
10.217941
10.239265
10.260834
10.282483
10.304039
10.325333
10.346194
10.366454
10.385948
10.404514
10.421996
10.438246
10.453120
10.466483
10.478208
10.488178
10.496283
10.502425
10.506517
10.508481
10.508253
10.505778
10.501017
10.493942
10.484538
10.472807
10.458763
10.442438
10.423876
10.403144
10.380320
10.355505
10.328818
10.300396
10.270399
10.239008
10.206425
10.172878
10.138616
10.103912
10.069064
10.034390
10.000231
9.966946
9.934906
9.904492
9.876080
9.850033
9.826686
9.806322
9.789156
9.775303
9.764755
9.757358
9.752791
9.750567
9.750038
9.750432
9.750908
9.750621
9.748809
9.744857
9.738358
9.729135
9.717237
9.702903
9.686516
9.668538
9.649461
9.629756
9.609850
9.590099
9.570791
9.552142
9.534303
9.517377
9.501420
9.486459
9.472497
9.459521
9.447510
9.436437
9.426272
9.416985
9.408548
9.400933
9.394114
9.388065
9.382762
9.378178
9.374286
9.371054
9.368451
9.366437
9.364970
9.364002
9.363477
9.363336
9.363510
9.363925
9.364501
9.365150
9.365779
9.366288
9.366575
9.366531
9.366043
9.364998
9.363278
9.360768
9.357350
9.352908
9.347331
9.340508
9.332336
9.322716
9.311558
9.298779
9.284305
9.268076
9.250041
9.230163
9.208419
9.184803
9.159324
9.132008
9.102903
9.072074
9.039607
9.005612
8.970219
8.933584
8.895886
8.857328
8.818136
8.778562
8.738878
8.699375
8.660364
8.622165
8.585103
8.549504
8.515682
8.483929
8.454507
8.427636
8.403483
8.382162
8.363729
8.348194
8.335530
8.325697
8.318660
8.314420
8.313023
8.314571
8.319215
8.327142
8.338549
8.353614
8.372470
8.395189
8.421762
8.452103
8.486047
8.523363
8.563762
8.606914
8.652461
8.700028
8.749235
8.799705
8.851071
8.902980
8.955099
9.007117
9.058742
9.109708
9.159771
9.208710
9.256328
9.302448
9.346914
9.389591
9.430365
9.469137
9.505829
9.540378
9.572740
9.602883
9.630795
9.656473
9.679933
9.701200
9.720315
9.737329
9.752305
9.765316
9.776447
9.785790
9.793448
9.799529
9.804152
9.807437
9.809515
9.810516
9.810579
9.809840
9.808442
9.806524
9.804229
9.801697
9.799065
9.796470
9.794043
9.791914
9.790205
9.789035
9.788516
9.788756
9.789854
9.791905
9.794995
9.799205
9.804608
9.811272
9.819255
9.828611
9.839383
9.851608
9.865312
9.880511
9.897206
9.915383
9.935006
9.956014
9.978316
10.001781
10.026233
10.051444
10.077129
10.102938
10.128462
10.153238
10.176766
10.198533
10.218051
10.234898
10.248768
10.259507
10.267153
10.271939
10.274290
10.274784
10.274105
10.272979
10.272116
10.272159
10.273642
10.276975
10.282428
10.290143
10.300145
10.312358
10.326625
10.342732
10.360416
10.379392
10.399353
10.419990
10.440995
10.462068
10.482919
10.503278
10.522887
10.541509
10.558929
10.574950
10.589396
10.602113
10.612967
10.621845
10.628655
10.633325
10.635806
10.636066
10.634095
10.629902
10.623516
10.614986
10.604378
10.591777
10.577288
10.561030
10.543140
10.523770
10.503086
10.481268
10.458506
10.435000
10.410956
10.386587
10.362107
10.337728
10.313660
10.290104
10.267251
10.245278
10.224344
10.204587
10.186121
10.169036
10.153397
10.139239
10.126575
10.115391
10.105653
10.097307
10.090287
10.084512
10.079896
10.076348
10.073774
10.072080
10.071175
10.070967
10.071366
10.072284
10.073636
10.075336
10.077303
10.079455
10.081715
10.084011
10.086275
10.088444
10.090465
10.092292
10.093889
10.095228
10.096293
10.097077
10.097585
10.097829
10.097831
10.097623
10.097240
10.096727
10.096129
10.095496
10.094876
10.094317
10.093859
10.093538
10.093377
10.093386
10.093562
10.093880
10.094296
10.094745
10.095142
10.095381
10.095341
10.094889
10.093888
10.092207
10.089724
10.086343
10.081999
10.076664
10.070354
10.063131
10.055102
10.046414
10.037249
10.027814
10.018333
10.009040
10.000163
9.991922
9.984520
9.978137
9.972927
9.969017
9.966502
9.965450
9.965899
9.967860
9.971317
9.976233
9.982549
9.990186
9.999052
10.009036
10.020018
10.031867
10.044445
10.057604
10.071196
10.085066
10.099058
10.113014
10.126779
10.140198
10.153116
10.165384
10.176856
10.187389
10.196848
10.205100
10.212021
10.217491
10.221400
10.223642
10.224120
10.222746
10.219437
10.214122
10.206736
10.197225
10.185542
10.171653
10.155530
10.137160
10.116536
10.093667
10.068571
10.041280
10.011838
9.980304
9.946752
9.911271
9.873967
9.834964
9.794404
9.752451
9.709287
9.665118
9.620173
9.574707
9.528996
9.483345
9.438082
9.393557
9.350145
9.308236
9.268231
9.230535
9.195544
9.163630
9.135124
9.110289
9.089301
9.072219
9.058964
9.049302
9.042838
9.039028
9.037210
9.036652
9.036622
9.036454
9.035611
9.033734
9.030654
9.026387
9.021097
9.015049
9.008559
9.001943
8.995488
8.989427
8.983928
8.979094
8.974971
8.971554
8.968804
8.966653
8.965019
8.963811
8.962939
8.962316
8.961865
8.961517
8.961216
8.960919
8.960593
8.960217
8.959781
8.959282
8.958726
8.958124
8.957493
8.956852
8.956219
8.955616
8.955062
8.954572
8.954161
8.953835
8.953598
8.953448
8.953373
8.953358
8.953378
8.953403
8.953395
8.953309
8.953093
8.952689
8.952034
8.951062
8.949700
8.947875
8.945512
8.942533
8.938865
8.934435
8.929173
8.923015
8.915904
8.907791
8.898638
8.888415
8.877110
8.864720
8.851264
8.836774
8.821304
8.804925
8.787731
8.769837
8.751379
8.732513
8.713414
8.694274
8.675299
8.656701
8.638693
8.621481
8.605256
8.590179
8.576376
8.563925
8.552853
8.543134
8.534701
8.527457
8.521307
8.516185
8.512091
8.509116
8.507463
8.507442
8.509453
8.513950
8.521397
8.532219
8.546768
8.565292
8.587919
8.614662
8.645417
8.679990
8.718107
8.759439
8.803616
8.850247
8.898933
8.949276
9.000888
9.053397
9.106449
9.159716
9.212890
9.265687
9.317849
9.369140
9.419346
9.468274
9.515754
9.561631
9.605773
9.648062
9.688396
9.726691
9.762876
9.796895
9.828703
9.858271
9.885580
9.910624
9.933407
9.953946
9.972268
9.988409
10.002419
10.014354
10.024280
10.032275
10.038424
10.042819
10.045564
10.046768
10.046547
10.045026
10.042334
10.038608
10.033987
10.028616
10.022645
10.016224
10.009507
10.002649
9.995804
9.989127
9.982771
9.976887
9.971621
9.967118
9.963515
9.960942
9.959526
9.959380
9.960611
9.963313
9.967567
9.973442
9.980988
9.990236
10.001198
10.013861
10.028183
10.044095
10.061489
10.080224
10.100115
10.120934
10.142412
10.164234
10.186051
10.207482
10.228130
10.247598
10.265511
10.281538
10.295419
10.306982
10.316166
10.323022
10.327717
10.330517
10.331765
10.331859
10.331215
10.330240
10.329309
10.328743
10.328797
10.329657
10.331436
10.334184
10.337889
10.342489
10.347883
10.353937
10.360494
10.367383
10.374423
10.381430
10.388222
10.394622
10.400462
10.405585
10.409847
10.413122
10.415298
10.416282
10.416001
10.414403
10.411456
10.407148
10.401494
10.394525
10.386300
10.376897
10.366415
10.354975
10.342713
10.329787
10.316364
10.302626
10.288762
10.274965
10.261429
10.248344
10.235894
10.224251
10.213574
10.204003
10.195663
10.188658
10.183072
10.178973
10.176408
10.175409
10.175991
10.178154
10.181879
10.187134
10.193865
10.202002
10.211453
10.222107
10.233834
10.246484
10.259891
10.273875
10.288247
10.302810
10.317367
10.331721
10.345681
10.359064
10.371701
10.383439
10.394141
10.403687
10.411983
10.418952
10.424541
10.428719
10.431478
10.432832
10.432817
10.431490
10.428929
10.425230
10.420510
10.414901
10.408552
10.401626
10.394296
10.386746
10.379164
10.371742
10.364668
10.358122
10.352268
10.347247
10.343169
10.340101
10.338061
10.337003
10.336814
10.337308
10.338225
10.339234
10.339951
10.339953
10.338807
10.336101
10.331471
10.324639
10.315428
10.303778
10.289749
10.273512
10.255333
10.235548
10.214540
10.192713
10.170473
10.148205
10.126266
10.104973
10.084599
10.065375
10.047486
10.031076
10.016253
10.003087
9.991622
9.981871
9.973825
9.967453
9.962707
9.959519
9.957812
9.957492
9.958456
9.960590
9.963773
9.967874
9.972757
9.978282
9.984302
9.990667
9.997226
10.003825
10.010309
10.016524
10.022317
10.027535
10.032030
10.035656
10.038272
10.039740
10.039929
10.038715
10.035979
10.031609
10.025502
10.017563
10.007703
9.995846
9.981922
9.965872
9.947647
9.927208
9.904526
9.879582
9.852372
9.822898
9.791179
9.757242
9.721131
9.682899
9.642617
9.600368
9.556251
9.510382
9.462893
9.413936
9.363679
9.312314
9.260052
9.207126
9.153793
9.100334
9.047053
8.994278
8.942358
8.891664
8.842582
8.795508
8.750841
8.708974
8.670277
8.635087
8.603682
8.576271
8.552966
8.533775
8.518586
8.507173
8.499205
8.494274
8.491932
8.491736
8.493292
8.496289
8.500521
8.505888
8.512382
8.520060
8.529009
8.539318
8.551050
8.564223
8.578807
8.594718
8.611827
8.629966
8.648941
8.668538
8.688540
8.708725
8.728884
8.748818
8.768343
8.787298
8.805541
8.822950
8.839426
8.854892
8.869289
8.882580
8.894745
8.905779
8.915695
8.924517
8.932283
8.939041
8.944848
8.949766
8.953865
8.957221
8.959908
8.962005
8.963591
8.964743
8.965535
8.966039
8.966323
8.966449
8.966473
8.966446
8.966412
8.966407
8.966460
8.966594
8.966823
8.967157
8.967597
8.968140
8.968778
8.969497
8.970283
8.971119
8.971986
8.972867
8.973749
8.974619
8.975472
8.976309
8.977140
8.977982
8.978865
8.979830
8.980928
8.982223
8.983789
8.985706
8.988061
8.990940
8.994422
8.998571
9.003427
9.008992
9.015224
9.022018
9.029210
9.036567
9.043800
9.050584
9.056590
9.061530
9.065213
9.067589
9.068791
9.069146
9.069168
9.069511
9.070911
9.074114
9.079809
9.088575
9.100841
9.116879
9.136800
9.160571
9.188042
9.218962
9.253014
9.289834
9.329028
9.370195
9.412929
9.456840
9.501550
9.546704
9.591968
9.637036
9.681623
9.725472
9.768349
9.810045
9.850371
9.889163
9.926272
9.961573
9.994957
10.026332
10.055622
10.082765
10.107715
10.130440
10.150917
10.169140
10.185111
10.198844
10.210365
10.219709
10.226920
10.232052
10.235169
10.236343
10.235654
10.233192
10.229052
10.223340
10.216166
10.207649
10.197915
10.187093
10.175320
10.162739
10.149495
10.135738
10.121622
10.107301
10.092932
10.078672
10.064678
10.051103
10.038099
10.025810
10.014375
10.003927
9.994586
9.986460
9.979644
9.974216
9.970234
9.967736
9.966738
9.967228
9.969168
9.972493
9.977106
9.982883
9.989673
9.997298
10.005559
10.014243
10.023126
10.031982
10.040596
10.048766
10.056320
10.063116
10.069054
10.074074
10.078163
10.081345
10.083683
10.085269
10.086215
10.086645
10.086687
10.086466
10.086093
10.085667
10.085268
10.084957
10.084773
10.084738
10.084857
10.085121
10.085507
10.085982
10.086510
10.087046
10.087546
10.087966
10.088262
10.088397
10.088337
10.088057
10.087536
10.086766
10.085746
10.084483
10.082996
10.081312
10.079468
10.077509
10.075488
10.073463
10.071500
10.069667
10.068040
10.066693
10.065707
10.065162
10.065140
10.065729
10.067015
10.069088
10.072042
10.075970
10.080965
10.087119
10.094520
10.103246
10.113363
10.124924
10.137959
10.152479
10.168471
10.185892
10.204677
10.224734
10.245944
10.268168
10.291245
10.315000
10.339240
10.363766
10.388369
10.412837
10.436958
10.460522
10.483325
10.505168
10.525862
10.545230
10.563107
10.579341
10.593797
10.606354
10.616910
10.625377
10.631689
10.635795
10.637666
10.637290
10.634676
10.629851
10.622865
10.613785
10.602700
10.589721
10.574978
10.558622
10.540826
10.521784
10.501709
10.480837
10.459420
10.437731
10.416058
10.394701
10.373972
10.354185
10.335650
10.318665
10.303502
10.290393
10.279515
10.270965
10.264747
10.260749
10.258726
10.258301
10.258958
10.260069
10.260927
10.260793
10.258961
10.254813
10.247883
10.237887
10.224747
10.208574
10.189651
10.168379
10.145240
10.120747
10.095406
10.069692
10.044023
10.018760
9.994201
9.970582
9.948086
9.926850
9.906970
9.888511
9.871512
9.855991
9.841947
9.829368
9.818229
9.808498
9.800132
9.793082
9.787291
9.782696
9.779227
9.776807
9.775354
9.774776
9.774977
9.775855
9.777300
9.779197
9.781427
9.783863
9.786377
9.788834
9.791098
9.793032
9.794493
9.795343
9.795441
9.794647
9.792826
9.789843
9.785570
9.779881
9.772659
9.763791
9.753172
9.740707
9.726310
9.709902
9.691418
9.670802
9.648011
9.623015
9.595796
9.566350
9.534688
9.500836
9.464835
9.426744
9.386637
9.344607
9.300766
9.255245
9.208196
9.159789
9.110221
9.059707
9.008486
8.956822
8.905001
8.853331
8.802142
8.751782
8.702616
8.655019
8.609369
8.566041
8.525396
8.487766
8.453445
8.422672
8.395622
8.372393
8.353005
8.337403
8.325466
8.317026
8.311899
8.309905
8.310896
8.314775
8.321496
8.331062
8.343507
8.358876
8.377199
8.398471
8.422639
8.449596
8.479176
8.511162
8.545294
8.581277
8.618797
8.657527
8.697135
8.737298
8.777701
8.818047
8.858056
8.897474
8.936066
8.973623
9.009960
9.044916
9.078354
9.110159
9.140238
9.168519
9.194952
9.219504
9.242160
9.262923
9.281811
9.298856
9.314105
9.327617
9.339461
9.349717
9.358474
9.365829
9.371885
9.376749
9.380536
9.383359
9.385338
9.386590
9.387234
9.387386
9.387161
9.386670
9.386021
9.385316
9.384654
9.384125
9.383814
9.383802
9.384159
9.384952
9.386239
9.388074
9.390503
9.393568
9.397307
9.401752
9.406934
9.412881
9.419620
9.427178
9.435580
9.444856
9.455032
9.466138
9.478203
9.491253
9.505309
9.520385
9.536478
9.553566
9.571595
9.590473
9.610057
9.630142
9.650456
9.670654
9.690322
9.708992
9.726172
9.741381
9.754209
9.764369
9.771757
9.776486
9.778903
9.779568
9.779212
9.778663
9.778771
9.780333
9.784035
9.790411
9.799829
9.812490
9.828441
9.847602
9.869784
9.894724
9.922102
9.951564
9.982736
10.015241
10.048706
10.082770
10.117088
10.151335
10.185210
10.218432
10.250747
10.281921
10.311747
10.340037
10.366627
10.391373
10.414151
10.434856
10.453405
10.469728
10.483776
10.495513
10.504922
10.511999
10.516756
10.519217
10.519422
10.517420
10.513278
10.507069
10.498880
10.488811
10.476968
10.463469
10.448442
10.432022
10.414351
10.395581
10.375868
10.355374
10.334265
10.312711
10.290885
10.268957
10.247100
10.225482
10.204268
10.183616
10.163677
10.144589
10.126481
10.109464
10.093632
10.079063
10.065812
10.053911
10.043371
10.034179
10.026297
10.019668
10.014212
10.009834
10.006423
10.003861
10.002023
10.000782
10.000019
9.999620
9.999483
9.999521
9.999662
9.999850
10.000043
10.000215
10.000351
10.000443
10.000494
10.000508
10.000494
10.000462
10.000419
10.000372
10.000328
10.000291
10.000261
10.000239
10.000226
10.000218
10.000214
10.000213
10.000213
10.000213
10.000213
10.000214
10.000217
10.000223
10.000236
10.000255
10.000284
10.000321
10.000365
10.000414
10.000462
10.000502
10.000526
10.000524
10.000487
10.000408
10.000283
10.000114
9.999912
9.999697
9.999505
9.999385
9.999402
9.999636
10.000183
10.001153
10.002662
10.004837
10.007802
10.011680
10.016586
10.022625
10.029881
10.038424
10.048301
10.059535
10.072127
10.086055
10.101273
10.117714
10.135291
10.153901
10.173423
10.193723
10.214656
10.236066
10.257793
10.279668
10.301523
10.323185
10.344482
10.365243
10.385302
10.404492
10.422657
10.439642
10.455301
10.469495
10.482092
10.492972
10.502021
10.509137
10.514227
10.517211
10.518019
10.516593
10.512890
10.506877
10.498536
10.487864
10.474871
10.459584
10.442045
10.422314
10.400467
10.376599
10.350823
10.323275
10.294107
10.263495
10.231638
10.198756
10.165093
10.130917
10.096519
10.062212
10.028332
9.995232
9.963280
9.932854
9.904330
9.878073
9.854424
9.833678
9.816064
9.801720
9.790664
9.782776
9.777773
9.775202
9.774448
9.774765
9.775320
9.775264
9.773808
9.770301
9.764284
9.755528
9.744033
9.730000
9.713786
9.695842
9.676661
9.656727
9.636483
9.616306
9.596506
9.577318
9.558914
9.541411
9.524878
9.509351
9.494843
9.481345
9.468840
9.457303
9.446707
9.437021
9.428217
9.420267
9.413145
9.406824
9.401278
9.396478
9.392398
9.389004
9.386263
9.384135
9.382576
9.381538
9.380964
9.380792
9.380954
9.381375
9.381974
9.382661
9.383343
9.383920
9.384288
9.384336
9.383952
9.383021
9.381425
9.379046
9.375766
9.371469
9.366039
9.359368
9.351348
9.341880
9.330871
9.318237
9.303902
9.287803
9.269886
9.250112
9.228456
9.204907
9.179470
9.152170
9.123047
9.092164
9.059603
9.025466
8.989881
8.952996
8.914985
8.876044
8.836396
8.796285
8.755979
8.715767
8.675955
8.636862
8.598817
8.562149
8.527180
8.494214
8.463529
8.435363
8.409905
8.387292
8.367603
8.350861
8.337052
8.326137
8.318072
8.312839
8.310460
8.311009
8.314612
8.321439
8.331677
8.345506
8.363072
8.384465
8.409702
8.438723
8.471389
8.507490
8.546755
8.588870
8.633485
8.680230
8.728728
8.778601
8.829478
8.881003
8.932836
8.984659
9.036174
9.087108
9.137209
9.186250
9.234026
9.280353
9.325072
9.368041
9.409138
9.448263
9.485331
9.520275
9.553047
9.583613
9.611954
9.638068
9.661965
9.683668
9.703216
9.720658
9.736053
9.749475
9.761004
9.770733
9.778762
9.785198
9.790158
9.793762
9.796139
9.797419
9.797738
9.797235
9.796047
9.794318
9.792185
9.789791
9.787271
9.784762
9.782396
9.780299
9.778595
9.777403
9.776834
9.776994
9.777985
9.779899
9.782823
9.786838
9.792017
9.798427
9.806129
9.815175
9.825611
9.837475
9.850796
9.865594
9.881873
9.899625
9.918822
9.939413
9.961317
9.984418
10.008556
10.033520
10.059043
10.084796
10.110386
10.135366
10.159241
10.181498
10.201636
10.219207
10.233866
10.245414
10.253832
10.259306
10.262213
10.263102
10.262643
10.261564
10.260594
10.260405
10.261569
10.264532
10.269604
10.276960
10.286651
10.298625
10.312741
10.328794
10.346529
10.365659
10.385881
10.406882
10.428348
10.449974
10.471465
10.492542
10.512942
10.532422
10.550757
10.567744
10.583201
10.596966
10.608898
10.618877
10.626805
10.632604
10.636215
10.637600
10.636742
10.633644
10.628325
10.620828
10.611210
10.599551
10.585944
10.570504
10.553358
10.534651
10.514542
10.493204
10.470820
10.447585
10.423702
10.399377
10.374824
10.350255
10.325879
10.301903
10.278521
10.255918
10.234261
10.213700
10.194363
10.176352
10.159747
10.144600
10.130935
10.118754
10.108034
10.098732
10.090787
10.084125
10.078663
10.074311
10.070976
10.068564
10.066982
10.066138
10.065944
10.066313
10.067160
10.068402
10.069959
10.071754
10.073710
10.075756
10.077823
10.079850
10.081780
10.083566
10.085165
10.086547
10.087689
10.088579
10.089213
10.089598
10.089750
10.089692
10.089454
10.089073
10.088591
10.088052
10.087502
10.086985
10.086543
10.086211
10.086017
10.085976
10.086092
10.086349
10.086716
10.087141
10.087553
10.087860
10.087955
10.087716
10.087017
10.085727
10.083729
10.080917
10.077216
10.072581
10.067009
10.060537
10.053249
10.045269
10.036757
10.027903
10.018919
10.010029
10.001458
9.993426
9.986141
9.979792
9.974541
9.970527
9.967859
9.966617
9.966850
9.968583
9.971811
9.976508
9.982624
9.990090
9.998817
10.008704
10.019636
10.031486
10.044118
10.057389
10.071151
10.085250
10.099533
10.113841
10.128018
10.141908
10.155358
10.168214
10.180330
10.191561
10.201769
10.210820
10.218586
10.224945
10.229784
10.232993
10.234474
10.234134
10.231887
10.227659
10.221381
10.212995
10.202452
10.189712
10.174745
10.157533
10.138066
10.116347
10.092392
10.066226
10.037890
10.007439
9.974941
9.940479
9.904156
9.866088
9.826412
9.785285
9.742883
9.699407
9.655077
9.610140
9.564866
9.519552
9.474518
9.430109
9.386692
9.344653
9.304390
9.266308
9.230807
9.198267
9.169032
9.143387
9.121534
9.103568
9.089450
9.078989
9.071832
9.067469
9.065263
9.064488
9.064395
9.064284
9.063567
9.061824
9.058827
9.054542
9.049096
9.042736
9.035775
9.028545
9.021352
9.014457
9.008057
9.002284
8.997207
8.992842
8.989167
8.986126
8.983645
8.981641
8.980026
8.978714
8.977628
8.976699
8.975870
8.975093
8.974334
8.973570
8.972786
8.971979
8.971150
8.970309
8.969469
8.968646
8.967858
8.967124
8.966460
8.965881
8.965398
8.965016
8.964739
8.964560
8.964469
8.964448
8.964470
8.964504
8.964511
8.964443
8.964247
8.963865
8.963232
8.962279
8.960932
8.959116
8.956754
8.953767
8.950078
8.945613
8.940298
8.934069
8.926864
8.918632
8.909330
8.898927
8.887404
8.874757
8.860998
8.846157
8.830280
8.813437
8.795715
8.777224
8.758096
8.738484
8.718560
8.698514
8.678552
8.658890
8.639745
8.621335
8.603863
8.587509
8.572420
8.558702
8.546409
8.535544
8.526061
8.517880
8.510908
8.505069
8.500337
8.496765
8.494509
8.493833
8.495098
8.498730
8.505183
8.514890
8.528225
8.545467
8.566785
8.592227
8.621728
8.655125
8.692170
8.732550
8.775910
8.821865
8.870018
8.919970
8.971330
9.023718
9.076775
9.130163
9.183566
9.236693
9.289274
9.341067
9.391849
9.441419
9.489599
9.536229
9.581168
9.624292
9.665495
9.704685
9.741786
9.776738
9.809491
9.840011
9.868275
9.894272
9.918005
9.939484
9.958735
9.975790
9.990695
10.003504
10.014281
10.023100
10.030043
10.035202
10.038676
10.040574
10.041009
10.040105
10.037989
10.034796
10.030665
10.025740
10.020168
10.014100
10.007688
10.001086
9.994450
9.987934
9.981690
9.975869
9.970620
9.966086
9.962406
9.959714
9.958134
9.957786
9.958777
9.961206
9.965158
9.970707
9.977909
9.986804
9.997411
10.009729
10.023727
10.039349
10.056505
10.075068
10.094871
10.115706
10.137319
10.159414
10.181652
10.203659
10.225039
10.245386
10.264306
10.281438
10.296481
10.309221
10.319543
10.327451
10.333069
10.336629
10.338456
10.338942
10.338511
10.337593
10.336590
10.335858
10.335690
10.336306
10.337851
10.340403
10.343971
10.348512
10.353934
10.360112
10.366890
10.374098
10.381550
10.389058
10.396432
10.403487
10.410045
10.415938
10.421013
10.425130
10.428165
10.430014
10.430591
10.429830
10.427684
10.424132
10.419171
10.412823
10.405131
10.396161
10.386000
10.374757
10.362561
10.349558
10.335911
10.321797
10.307403
10.292923
10.278554
10.264493
10.250933
10.238058
10.226038
10.215030
10.205172
10.196585
10.189366
10.183595
10.179333
10.176621
10.175484
10.175929
10.177949
10.181520
10.186600
10.193131
10.201036
10.210218
10.220562
10.231932
10.244177
10.257130
10.270611
10.284431
10.298396
10.312313
10.325989
10.339238
10.351887
10.363772
10.374748
10.384687
10.393479
10.401037
10.407295
10.412209
10.415757
10.417940
10.418780
10.418321
10.416628
10.413785
10.409896
10.405082
10.399480
10.393242
10.386531
10.379523
10.372397
10.365339
10.358532
10.352155
10.346373
10.341332
10.337150
10.333911
10.331650
10.330347
10.329920
10.330217
10.331012
10.332012
10.332865
10.333174
10.332519
10.330490
10.326712
10.320877
10.312770
10.302285
10.289430
10.274330
10.257206
10.238361
10.218153
10.196973
10.175223
10.153292
10.131548
10.110321
10.089903
10.070542
10.052441
10.035762
10.020627
10.007124
9.995306
9.985199
9.976803
9.970096
9.965034
9.961559
9.959596
9.959055
9.959836
9.961829
9.964914
9.968962
9.973839
9.979404
9.985512
9.992013
9.998757
10.005588
10.012353
10.018897
10.025064
10.030704
10.035666
10.039803
10.042972
10.045036
10.045861
10.045321
10.043295
10.039670
10.034340
10.027207
10.018183
10.007186
9.994145
9.978997
9.961691
9.942184
9.920445
9.896450
9.870192
9.841669
9.810895
9.777895
9.742705
9.705377
9.665973
9.624573
9.581269
9.536171
9.489406
9.441116
9.391465
9.340635
9.288830
9.236274
9.183216
9.129928
9.076705
9.023867
8.971756
8.920735
8.871185
8.823499
8.778079
8.735321
8.695605
8.659282
8.626655
8.597958
8.573341
8.552848
8.536406
8.523825
8.514801
8.508941
8.505795
8.504900
8.505830
8.508228
8.511842
8.516529
8.522248
8.529039
8.536987
8.546189
8.556728
8.568651
8.581953
8.596578
8.612422
8.629338
8.647145
8.665644
8.684621
8.703863
8.723159
8.742310
8.761132
8.779457
8.797140
8.814056
8.830101
8.845191
8.859264
8.872278
8.884208
8.895046
8.904799
8.913490
8.921152
8.927829
8.933575
8.938452
8.942525
8.945867
8.948552
8.950656
8.952255
8.953425
8.954238
8.954764
8.955070
8.955216
8.955257
8.955243
8.955214
8.955207
8.955249
8.955361
8.955557
8.955842
8.956219
8.956681
8.957219
8.957818
8.958461
8.959128
8.959800
8.960457
8.961082
8.961661
8.962186
8.962655
8.963075
8.963461
8.963840
8.964250
8.964741
8.965375
8.966224
8.967371
8.968905
8.970916
8.973490
8.976703
8.980607
8.985226
8.990538
8.996466
9.002873
9.009556
9.016251
9.022649
9.028429
9.033292
9.037019
9.039515
9.040858
9.041315
9.041341
9.041547
9.042645
9.045377
9.050446
9.058461
9.069893
9.085054
9.104099
9.127033
9.153734
9.183979
9.217465
9.253840
9.292717
9.333693
9.376364
9.420335
9.465221
9.510662
9.556317
9.601871
9.647033
9.691538
9.735146
9.777639
9.818824
9.858526
9.896595
9.932898
9.967321
9.999765
10.030151
10.058412
10.084496
10.108367
10.129999
10.149380
10.166509
10.181396
10.194062
10.204539
10.212867
10.219097
10.223289
10.225511
10.225840
10.224363
10.221172
10.216369
10.210062
10.202367
10.193406
10.183307
10.172204
10.160238
10.147553
10.134296
10.120621
10.106680
10.092631
10.078630
10.064834
10.051397
10.038473
10.026209
10.014748
10.004224
9.994763
9.986480
9.979476
9.973836
9.969629
9.966902
9.965681
9.965967
9.967735
9.970931
9.975473
9.981248
9.988115
9.995906
10.004427
10.013468
10.022803
10.032201
10.041434
10.050287
10.058566
10.066107
10.072787
10.078524
10.083280
10.087063
10.089922
10.091940
10.093226
10.093908
10.094118
10.093993
10.093658
10.093224
10.092786
10.092419
10.092174
10.092083
10.092161
10.092404
10.092792
10.093298
10.093882
10.094500
10.095105
10.095649
10.096083
10.096364
10.096452
10.096314
10.095925
10.095268
10.094335
10.093129
10.091661
10.089954
10.088041
10.085962
10.083768
10.081517
10.079274
10.077109
10.075097
10.073317
10.071849
10.070778
10.070187
10.070164
10.070796
10.072175
10.074392
10.077540
10.081714
10.087004
10.093502
10.101290
10.110440
10.121015
10.133055
10.146585
10.161603
10.178085
10.195979
10.215205
10.235661
10.257217
10.279725
10.303015
10.326902
10.351189
10.375671
10.400136
10.424369
10.448159
10.471296
10.493576
10.514806
10.534800
10.553387
10.570408
10.585720
10.599194
10.610719
10.620202
10.627567
10.632757
10.635734
10.636479
10.634994
10.631299
10.625437
10.617467
10.607473
10.595557
10.581843
10.566475
10.549620
10.531463
10.512212
10.492093
10.471355
10.450261
10.429094
10.408148
10.387729
10.368149
10.349715
10.332725
10.317457
10.304150
10.292993
10.284104
10.277511
10.273132
10.270760
10.270053
10.270536
10.271615
10.272606
10.272781
10.271428
10.267906
10.261711
10.252512
10.240174
10.224761
10.206509
10.185791
10.163067
10.138845
10.113634
10.087918
10.062135
10.036662
10.011817
9.987854
9.964974
9.943328
9.923024
9.904139
9.886718
9.870786
9.856349
9.843398
9.831911
9.821856
9.813195
9.805877
9.799847
9.795043
9.791394
9.788823
9.787247
9.786575
9.786712
9.787553
9.788989
9.790905
9.793181
9.795689
9.798302
9.800883
9.803298
9.805405
9.807066
9.808138
9.808480
9.807953
9.806420
9.803745
9.799799
9.794455
9.787594
9.779103
9.768875
9.756813
9.742829
9.726843
9.708788
9.688605
9.666249
9.641687
9.614898
9.585876
9.554628
9.521177
9.485560
9.447830
9.408059
9.366334
9.322763
9.277470
9.230601
9.182322
9.132820
9.082305
9.031011
8.979192
8.927127
8.875118
8.823489
8.772582
8.722759
8.674392
8.627861
8.583543
8.541807
8.502997
8.467424
8.435347
8.406964
8.382401
8.361703
8.344836
8.331695
8.322122
8.315926
8.312914
8.312917
8.315809
8.321519
8.330028
8.341357
8.355546
8.372632
8.392625
8.415491
8.441145
8.469444
8.500190
8.533141
8.568017
8.604513
8.642306
8.681071
8.720481
8.760222
8.799992
8.839509
8.878511
8.916759
8.954039
8.990158
9.024951
9.058274
9.090008
9.120055
9.148339
9.174803
9.199413
9.222148
9.243010
9.262011
9.279183
9.294568
9.308224
9.320217
9.330626
9.339537
9.347045
9.353251
9.358263
9.362192
9.365152
9.367259
9.368631
9.369385
9.369636
9.369498
9.369082
9.368494
9.367836
9.367205
9.366690
9.366377
9.366344
9.366662
9.367395
9.368602
9.370334
9.372637
9.375553
9.379116
9.383359
9.388312
9.394002
9.400453
9.407692
9.415744
9.424636
9.434397
9.445056
9.456642
9.469184
9.482706
9.497225
9.512748
9.529258
9.546716
9.565042
9.584110
9.603735
9.623667
9.643580
9.663083
9.681721
9.699008
9.714460
9.727646
9.738250
9.746121
9.751322
9.754147
9.755111
9.754913
9.754366
9.754321
9.755594
9.758900
9.764808
9.773723
9.785881
9.801360
9.820104
9.841944
9.866628
9.893846
9.923247
9.954459
9.987102
10.020801
10.055190
10.089918
10.124657
10.159097
10.192954
10.225967
10.257896
10.288529
10.317672
10.345157
10.370835
10.394576
10.416273
10.435836
10.453192
10.468286
10.481080
10.491552
10.499693
10.505512
10.509028
10.510277
10.509305
10.506173
10.500951
10.493722
10.484580
10.473629
10.460982
10.446763
10.431102
10.414140
10.396022
10.376902
10.356940
10.336298
10.315143
10.293647
10.271979
10.250310
10.228811
10.207645
10.186973
10.166950
10.147717
10.129408
10.112141
10.096019
10.081126
10.067528
10.055268
10.044366
10.034820
10.026604
10.019670
10.013946
10.009345
10.005761
10.003076
10.001167
9.999906
