1.279444 0.640036
1.239311 0.620897
1.197992 0.601755
1.155531 0.582606
1.111975 0.563447
1.067371 0.544272
1.021772 0.525074
0.975228 0.505846
0.927793 0.486580
0.879521 0.467267
0.830469 0.447899
0.780694 0.428464
0.730253 0.408953
0.679205 0.389356
0.627610 0.369661
0.575528 0.349858
0.523018 0.329936
0.470143 0.309883
0.416964 0.289688
0.363541 0.269339
0.309937 0.248825
0.256213 0.228135
0.202432 0.207258
0.148655 0.186182
0.094943 0.164897
0.041358 0.143392
-0.012039 0.121657
-0.065188 0.099681
-0.118029 0.077456
-0.170504 0.054972
-0.222552 0.032222
-0.274119 0.009197
-0.325147 -0.014108
-0.375582 -0.037700
-0.425372 -0.061582
-0.474464 -0.085758
-0.522809 -0.110231
-0.570361 -0.134999
-0.617073 -0.160063
-0.662903 -0.185419
-0.707811 -0.211062
-0.751760 -0.236987
-0.794714 -0.263184
-0.836643 -0.289643
-0.877516 -0.316352
-0.917308 -0.343297
-0.955996 -0.370460
-0.993560 -0.397825
-1.029983 -0.425370
-1.065251 -0.453074
-1.099352 -0.480914
-1.132277 -0.508865
-1.164019 -0.536901
-1.194576 -0.564994
-1.223945 -0.593115
-1.252127 -0.621235
-1.279124 -0.649324
-1.304941 -0.677351
-1.329584 -0.705284
-1.353060 -0.733092
-1.375378 -0.760741
-1.396548 -0.788199
-1.416584 -0.815435
-1.435496 -0.842414
-1.453299 -0.869105
-1.470008 -0.895474
-1.485639 -0.921490
-1.500208 -0.947119
-1.513733 -0.972330
-1.526231 -0.997091
-1.537722 -1.021370
-1.548226 -1.045136
-1.557762 -1.068358
-1.566352 -1.091004
-1.574017 -1.113044
-1.580779 -1.134447
-1.586661 -1.155185
-1.591687 -1.175226
-1.595880 -1.194543
-1.599265 -1.213104
-1.601866 -1.230882
-1.603709 -1.247848
-1.604820 -1.263974
-1.605224 -1.279233
-1.604948 -1.293597
-1.604018 -1.307039
-1.602461 -1.319533
-1.600304 -1.331054
-1.597574 -1.341578
-1.594296 -1.351079
-1.590497 -1.359536
-1.586202 -1.366926
-1.581436 -1.373229
-1.576223 -1.378425
-1.570585 -1.382497
-1.564546 -1.385430
-1.558124 -1.387208
-1.551339 -1.387820
-1.544208 -1.387256
-1.536746 -1.385508
-1.528965 -1.382571
-1.520878 -1.378442
-1.512492 -1.373122
-1.503813 -1.366612
-1.494848 -1.358917
-1.485596 -1.350046
-1.476059 -1.340007
-1.466233 -1.328814
-1.456115 -1.316482
-1.445698 -1.303026
-1.434973 -1.288467
-1.423933 -1.272825
-1.412564 -1.256123
-1.400856 -1.238385
-1.388794 -1.219637
-1.376365 -1.199905
-1.363553 -1.179217
-1.350342 -1.157603
-1.336717 -1.135092
-1.322660 -1.111715
-1.308155 -1.087503
-1.293185 -1.062488
-1.277732 -1.036702
-1.261779 -1.010178
-1.245310 -0.982949
-1.228307 -0.955048
-1.210754 -0.926508
-1.192634 -0.897365
-1.173930 -0.867652
-1.154627 -0.837403
-1.134708 -0.806654
-1.114159 -0.775439
-1.092963 -0.743793
-1.071106 -0.711753
-1.048573 -0.679352
-1.025351 -0.646628
-1.001425 -0.613616
-0.976782 -0.580353
-0.951409 -0.546874
-0.925294 -0.513216
-0.898425 -0.479417
-0.870790 -0.445512
-0.842380 -0.411539
-0.813185 -0.377534
-0.783194 -0.343534
-0.752400 -0.309575
-0.720797 -0.275695
-0.688377 -0.241929
-0.655135 -0.208314
-0.621069 -0.174883
-0.586176 -0.141673
-0.550456 -0.108716
-0.513909 -0.076046
-0.476540 -0.043694
-0.438353 -0.011692
-0.399357 0.019932
-0.359560 0.051151
-0.318977 0.081937
-0.277621 0.112267
-0.235511 0.142119
-0.192668 0.171472
-0.149115 0.200309
-0.104879 0.228614
-0.059990 0.256373
-0.014480 0.283574
0.031615 0.310210
0.078258 0.336272
0.125407 0.361757
0.173019 0.386661
0.221049 0.410984
0.269449 0.434727
0.318170 0.457892
0.367159 0.480483
0.416363 0.502507
0.465729 0.523970
0.515201 0.544880
0.564722 0.565245
0.614234 0.585076
0.663679 0.604383
0.712999 0.623178
0.762135 0.641471
0.811028 0.659275
0.859618 0.676602
0.907846 0.693465
0.955653 0.709877
1.002979 0.725851
1.049767 0.741400
1.095957 0.756538
1.141492 0.771278
1.186314 0.785633
1.230366 0.799618
1.273593 0.813245
1.315937 0.826528
1.357346 0.839480
1.397765 0.852115
1.437141 0.864446
1.475422 0.876485
1.512558 0.888245
1.548499 0.899739
1.583198 0.910978
1.616609 0.921973
1.648687 0.932737
1.679389 0.943277
1.708674 0.953605
1.736505 0.963728
1.762844 0.973655
1.787659 0.983391
1.810917 0.992942
1.832591 1.002313
1.852655 1.011507
1.871087 1.020524
1.887866 1.029365
1.902977 1.038029
1.916407 1.046512
1.928146 1.054811
1.938188 1.062919
1.946529 1.070829
1.953169 1.078531
1.958112 1.086017
1.961364 1.093273
1.962933 1.100288
1.962834 1.107046
1.961079 1.113534
1.957687 1.119736
1.952679 1.125633
1.946076 1.131210
1.937903 1.136448
1.928187 1.141329
1.916958 1.145833
1.904244 1.149941
1.890080 1.153634
1.874498 1.156892
1.857534 1.159695
1.839226 1.162023
1.819610 1.163858
1.798727 1.165178
1.776617 1.165964
1.753321 1.166198
1.728882 1.165858
1.703344 1.164926
1.676751 1.163383
1.649149 1.161209
1.620583 1.158386
1.591101 1.154896
1.560750 1.150719
1.529578 1.145838
1.497634 1.140234
1.464969 1.133890
1.431630 1.126789
1.397669 1.118913
1.363136 1.110245
1.328082 1.100770
1.292556 1.090472
1.256610 1.079336
1.220294 1.067348
1.183657 1.054494
1.146748 1.040762
1.109615 1.026141
1.072306 1.010621
1.034867 0.994194
0.997341 0.976854
0.959772 0.958594
0.922200 0.939414
0.884664 0.919310
0.847201 0.898286
0.809844 0.876345
0.772625 0.853493
0.735572 0.829739
0.698711 0.805094
0.662066 0.779571
0.625656 0.753188
0.589500 0.725963
0.553612 0.697916
0.518005 0.669071
0.482688 0.639453
0.447668 0.609090
0.412951 0.578010
0.378539 0.546245
0.344435 0.513825
0.310636 0.480785
0.277143 0.447159
0.243950 0.412981
0.211053 0.378290
0.178447 0.343120
0.146125 0.307510
0.114079 0.271497
0.082300 0.235120
0.050781 0.198417
0.019512 0.161426
-0.011517 0.124187
-0.042317 0.086738
-0.072897 0.049118
-0.103269 0.011366
-0.133444 -0.026479
-0.163433 -0.064379
-0.193247 -0.102293
-0.222898 -0.140184
-0.252397 -0.178012
-0.281757 -0.215739
-0.310988 -0.253326
-0.340103 -0.290735
-0.369114 -0.327926
-0.398032 -0.364862
-0.426868 -0.401504
-0.455636 -0.437813
-0.484345 -0.473751
-0.513008 -0.509280
-0.541635 -0.544363
-0.570238 -0.578960
-0.598827 -0.613036
-0.627412 -0.646552
-0.656003 -0.679472
-0.684608 -0.711760
-0.713237 -0.743379
-0.741896 -0.774295
-0.770592 -0.804473
-0.799330 -0.833880
-0.828114 -0.862484
-0.856948 -0.890253
-0.885831 -0.917160
-0.914763 -0.943174
-0.943742 -0.968270
-0.972763 -0.992425
-1.001817 -1.015614
-1.030897 -1.037820
-1.059990 -1.059023
-1.089082 -1.079210
-1.118155 -1.098366
-1.147190 -1.116483
-1.176164 -1.133552
-1.205053 -1.149568
-1.233830 -1.164530
-1.262464 -1.178437
-1.290924 -1.191291
-1.319175 -1.203098
-1.347183 -1.213863
-1.374910 -1.223595
-1.402317 -1.232305
-1.429364 -1.240004
-1.456010 -1.246706
-1.482213 -1.252426
-1.507930 -1.257179
-1.533120 -1.260981
-1.557739 -1.263851
-1.581744 -1.265807
-1.605091 -1.266868
-1.627738 -1.267053
-1.649642 -1.266383
-1.670761 -1.264877
-1.691053 -1.262557
-1.710476 -1.259443
-1.728991 -1.255558
-1.746557 -1.250923
-1.763135 -1.245559
-1.778686 -1.239490
-1.793173 -1.232738
-1.806559 -1.225325
-1.818808 -1.217275
-1.829884 -1.208610
-1.839754 -1.199355
-1.848385 -1.189533
-1.855743 -1.179167
-1.861799 -1.168283
-1.866522 -1.156903
-1.869884 -1.145053
-1.871857 -1.132757
-1.872415 -1.120039
-1.871534 -1.106923
-1.869191 -1.093434
-1.865363 -1.079597
-1.860032 -1.065434
-1.853180 -1.050970
-1.844791 -1.036227
-1.834852 -1.021228
-1.823351 -1.005995
-1.810279 -0.990548
-1.795630 -0.974908
-1.779400 -0.959094
-1.761589 -0.943124
-1.742198 -0.927013
-1.721233 -0.910778
-1.698701 -0.894432
-1.674614 -0.877988
-1.648986 -0.861455
-1.621834 -0.844844
-1.593179 -0.828161
-1.563045 -0.811412
-1.531458 -0.794602
-1.498449 -0.777733
-1.464050 -0.760806
-1.428296 -0.743820
-1.391225 -0.726775
-1.352878 -0.709666
-1.313298 -0.692489
-1.272529 -0.675240
-1.230619 -0.657911
-1.187616 -0.640496
-1.143570 -0.622987
-1.098535 -0.605374
-1.052562 -0.587648
-1.005708 -0.569800
-0.958026 -0.551819
-0.909575 -0.533695
-0.860412 -0.515416
-0.810595 -0.496971
-0.760183 -0.478349
-0.709236 -0.459538
-0.657814 -0.440527
-0.605978 -0.421304
-0.553788 -0.401856
-0.501306 -0.382173
-0.448593 -0.362243
-0.395710 -0.342053
-0.342719 -0.321594
-0.289681 -0.300852
-0.236657 -0.279818
-0.183708 -0.258481
-0.130894 -0.236830
-0.078276 -0.214856
-0.025912 -0.192549
0.026138 -0.169901
0.077819 -0.146905
0.129072 -0.123552
0.179844 -0.099839
0.230080 -0.075758
0.279729 -0.051308
0.328740 -0.026486
0.377066 -0.001292
0.424661 0.024274
0.471480 0.050209
0.517484 0.076507
0.562633 0.103163
0.606893 0.130168
0.650230 0.157512
0.692614 0.185181
0.734019 0.213161
0.774421 0.241435
0.813799 0.269985
0.852134 0.298790
0.889412 0.327827
0.925620 0.357074
0.960747 0.386503
0.994787 0.416088
1.027735 0.445801
1.059588 0.475612
1.090345 0.505490
1.120008 0.535405
1.148579 0.565323
1.176064 0.595213
1.202469 0.625042
1.227800 0.654775
1.252069 0.684379
1.275283 0.713821
1.297456 0.743066
1.318598 0.772079
1.338723 0.800828
1.357846 0.829279
1.375981 0.857397
1.393143 0.885149
1.409349 0.912503
1.424615 0.939424
1.438960 0.965880
1.452400 0.991838
1.464956 1.017266
1.476647 1.042133
1.487491 1.066405
1.497510 1.090053
1.506724 1.113044
1.515154 1.135347
1.522823 1.156932
1.529752 1.177769
1.535965 1.197828
1.541483 1.217078
1.546331 1.235491
1.550531 1.253038
1.554108 1.269691
1.557084 1.285421
1.559485 1.300201
1.561333 1.314006
1.562651 1.326810
1.563464 1.338586
1.563793 1.349313
1.563661 1.358968
1.563088 1.367528
1.562095 1.374975
1.560701 1.381290
1.558922 1.386458
1.556777 1.390463
1.554277 1.393293
1.551437 1.394940
1.548267 1.395394
1.544776 1.394650
1.540969 1.392707
1.536851 1.389564
1.532423 1.385223
1.527686 1.379690
1.522637 1.372972
1.517271 1.365079
1.511581 1.356024
1.505560 1.345821
1.499196 1.334487
1.492478 1.322041
1.485392 1.308503
1.477924 1.293895
1.470058 1.278242
1.461777 1.261567
1.453064 1.243898
1.443902 1.225261
1.434270 1.205685
1.424152 1.185198
1.413527 1.163830
1.402376 1.141612
1.390680 1.118574
1.378420 1.094747
1.365577 1.070162
1.352132 1.044853
1.338066 1.018851
1.323361 0.992189
1.307999 0.964900
1.291961 0.937016
1.275230 0.908573
1.257790 0.879602
1.239623 0.850139
1.220713 0.820216
1.201045 0.789870
1.180602 0.759134
1.159369 0.728044
1.137333 0.696634
1.114478 0.664940
1.090793 0.632998
1.066263 0.600842
1.040877 0.568510
1.014623 0.536036
0.987490 0.503456
0.959468 0.470807
0.930549 0.438125
0.900724 0.405444
0.869987 0.372802
0.838332 0.340231
0.805755 0.307768
0.772253 0.275446
0.737824 0.243299
0.702471 0.211359
0.666194 0.179657
0.628999 0.148224
0.590893 0.117090
0.551886 0.086280
0.511988 0.055823
0.471215 0.025741
0.429585 -0.003943
0.387116 -0.033209
0.343832 -0.062038
0.299760 -0.090413
0.254928 -0.118322
0.209368 -0.145752
0.163114 -0.172692
0.116205 -0.199137
0.068681 -0.225080
0.020583 -0.250518
-0.028042 -0.275449
-0.077147 -0.299874
-0.126683 -0.323794
-0.176598 -0.347212
-0.226840 -0.370134
-0.277354 -0.392566
-0.328084 -0.414514
-0.378974 -0.435986
-0.429966 -0.456993
-0.481001 -0.477543
-0.532020 -0.497646
-0.582963 -0.517314
-0.633771 -0.536558
-0.684384 -0.555390
-0.734740 -0.573821
-0.784781 -0.591864
-0.834446 -0.609531
-0.883674 -0.626835
-0.932407 -0.643788
-0.980584 -0.660403
-1.028147 -0.676694
-1.075038 -0.692672
-1.121198 -0.708351
-1.166570 -0.723742
-1.211098 -0.738860
-1.254726 -0.753715
-1.297400 -0.768320
-1.339065 -0.782687
-1.379669 -0.796828
-1.419161 -0.810754
-1.457490 -0.824476
-1.494609 -0.838003
-1.530470 -0.851346
-1.565029 -0.864513
-1.598241 -0.877513
-1.630067 -0.890352
-1.660468 -0.903038
-1.689408 -0.915574
-1.716853 -0.927964
-1.742771 -0.940213
-1.767135 -0.952319
-1.789921 -0.964284
-1.811105 -0.976106
-1.830669 -0.987781
-1.848596 -0.999305
-1.864876 -1.010671
-1.879498 -1.021872
-1.892457 -1.032897
-1.903748 -1.043737
-1.913374 -1.054378
-1.921337 -1.064808
-1.927644 -1.075012
-1.932303 -1.084973
-1.935327 -1.094674
-1.936730 -1.104098
-1.936529 -1.113227
-1.934744 -1.122040
-1.931396 -1.130518
-1.926508 -1.138640
-1.920107 -1.146386
-1.912219 -1.153735
-1.902874 -1.160665
-1.892102 -1.167155
-1.879935 -1.173184
-1.866407 -1.178730
-1.851553 -1.183772
-1.835408 -1.188288
-1.818010 -1.192258
-1.799397 -1.195660
-1.779608 -1.198473
-1.758685 -1.200677
-1.736667 -1.202251
-1.713597 -1.203175
-1.689519 -1.203428
-1.664475 -1.202990
-1.638510 -1.201843
-1.611671 -1.199966
-1.584001 -1.197339
-1.555549 -1.193945
-1.526360 -1.189764
-1.496483 -1.184778
-1.465964 -1.178970
-1.434853 -1.172321
-1.403196 -1.164814
-1.371042 -1.156434
-1.338440 -1.147165
-1.305436 -1.136992
-1.272077 -1.125901
-1.238410 -1.113880
-1.204481 -1.100917
-1.170334 -1.087002
-1.136011 -1.072127
-1.101555 -1.056286
-1.067005 -1.039472
-1.032399 -1.021685
-0.997772 -1.002922
-0.963158 -0.983187
-0.928588 -0.962483
-0.894091 -0.940818
-0.859690 -0.918199
-0.825411 -0.894641
-0.791272 -0.870155
-0.757291 -0.844761
-0.723484 -0.818476
-0.689861 -0.791323
-0.656433 -0.763325
-0.623207 -0.734508
-0.590187 -0.704899
-0.557378 -0.674529
-0.524780 -0.643427
-0.492392 -0.611627
-0.460213 -0.579161
-0.428237 -0.546064
-0.396462 -0.512372
-0.364880 -0.478121
-0.333486 -0.443348
-0.302270 -0.408089
-0.271225 -0.372384
-0.240342 -0.336269
-0.209611 -0.299783
-0.179022 -0.262964
-0.148565 -0.225852
-0.118229 -0.188485
-0.088004 -0.150902
-0.057878 -0.113141
-0.027840 -0.075243
0.002122 -0.037244
0.032018 0.000814
0.061861 0.038894
0.091661 0.076957
0.121431 0.114964
0.151183 0.152876
0.180927 0.190654
0.210675 0.228259
0.240439 0.265652
0.270230 0.302795
0.300060 0.339649
0.329938 0.376176
0.359877 0.412336
0.389885 0.448092
0.419975 0.483405
0.450154 0.518238
0.480433 0.552553
0.510820 0.586313
0.541322 0.619481
0.571947 0.652021
0.602700 0.683897
0.633587 0.715076
0.664611 0.745524
0.695773 0.775208
0.727075 0.804097
0.758516 0.832163
0.790091 0.859376
0.821796 0.885711
0.853623 0.911144
0.885562 0.935653
0.917601 0.959219
0.949724 0.981823
0.981915 1.003452
1.014151 1.024093
1.046411 1.043737
1.078668 1.062375
1.110894 1.080004
1.143058 1.096622
1.175128 1.112229
1.207067 1.126826
1.238839 1.140420
1.270405 1.153016
1.301723 1.164623
1.332751 1.175252
1.363448 1.184913
1.393767 1.193620
1.423665 1.201386
1.453096 1.208228
1.482014 1.214161
1.510373 1.219202
1.538127 1.223368
1.565231 1.226678
1.591638 1.229150
1.617304 1.230804
1.642182 1.231658
1.666230 1.231733
1.689402 1.231048
1.711655 1.229624
1.732948 1.227482
1.753237 1.224642
1.772483 1.221125
1.790644 1.216953
1.807681 1.212147
1.823557 1.206730
1.838233 1.200722
1.851672 1.194146
1.863840 1.187025
1.874702 1.179380
1.884225 1.171234
1.892376 1.162610
1.899126 1.153531
1.904445 1.144020
1.908305 1.134098
1.910680 1.123789
1.911545 1.113115
1.910879 1.102098
1.908659 1.090759
1.904868 1.079121
1.899489 1.067202
1.892508 1.055025
1.883913 1.042607
1.873695 1.029966
1.861848 1.017121
1.848368 1.004086
1.833255 0.990878
1.816511 0.977508
1.798141 0.963989
1.778156 0.950332
1.756565 0.936545
1.733386 0.922637
1.708635 0.908612
1.682335 0.894474
1.654511 0.880227
1.625189 0.865872
1.594400 0.851408
1.562178 0.836833
1.528558 0.822145
1.493580 0.807339
1.457284 0.792410
1.419712 0.777351
1.380911 0.762154
1.340927 0.746813
1.299809 0.731317
1.257606 0.715657
1.214372 0.699823
1.170159 0.683804
1.125020 0.667590
1.079013 0.651168
1.032192 0.634528
0.984615 0.617658
0.936339 0.600544
0.887423 0.583176
0.837927 0.565541
0.787909 0.547627
0.737430 0.529422
0.686550 0.510912
0.635330 0.492087
0.583829 0.472933
0.532110 0.453440
0.480232 0.433595
0.428257 0.413387
0.376245 0.392805
0.324257 0.371838
0.272351 0.350475
0.220588 0.328708
0.169025 0.306527
0.117720 0.283923
0.066731 0.260889
0.016112 0.237420
-0.034083 0.213509
-0.083802 0.189153
-0.132993 0.164349
-0.181609 0.139096
-0.229602 0.113395
-0.276929 0.087248
-0.323547 0.060660
-0.369418 0.033637
-0.414506 0.006188
-0.458776 -0.021678
-0.502199 -0.049948
-0.544746 -0.078606
-0.586392 -0.107637
-0.627117 -0.137021
-0.666900 -0.166737
-0.705726 -0.196762
-0.743582 -0.227073
-0.780457 -0.257643
-0.816342 -0.288444
-0.851231 -0.319448
-0.885122 -0.350624
-0.918012 -0.381940
-0.949902 -0.413365
-0.980793 -0.444866
-1.010691 -0.476409
-1.039599 -0.507960
-1.067524 -0.539484
-1.094475 -0.570947
-1.120460 -0.602313
-1.145489 -0.633548
-1.169574 -0.664616
-1.192725 -0.695483
-1.214956 -0.726112
-1.236279 -0.756470
-1.256709 -0.786522
-1.276261 -0.816232
-1.294949 -0.845567
-1.312789 -0.874492
-1.329798 -0.902974
-1.345993 -0.930979
-1.361391 -0.958473
-1.376009 -0.985423
-1.389865 -1.011796
-1.402980 -1.037560
-1.415370 -1.062683
-1.427057 -1.087131
-1.438060 -1.110875
-1.448398 -1.133881
-1.458093 -1.156118
-1.467165 -1.177557
-1.475635 -1.198167
-1.483524 -1.217917
-1.490853 -1.236778
-1.497643 -1.254722
-1.503915 -1.271720
-1.509689 -1.287745
-1.514987 -1.302770
-1.519828 -1.316770
-1.524230 -1.329720
-1.528214 -1.341597
-1.531795 -1.352379
-1.534990 -1.362046
-1.537814 -1.370580
-1.540281 -1.377964
-1.542402 -1.384184
-1.544188 -1.389226
-1.545647 -1.393082
-1.546784 -1.395743
-1.547603 -1.397204
-1.548106 -1.397463
-1.548293 -1.396520
-1.548161 -1.394377
-1.547705 -1.391040
-1.546918 -1.386516
-1.545790 -1.380814
-1.544311 -1.373949
-1.542467 -1.365933
-1.540245 -1.356784
-1.537629 -1.346519
-1.534601 -1.335159
-1.531142 -1.322726
-1.527235 -1.309243
-1.522859 -1.294733
-1.517993 -1.279222
-1.512616 -1.262738
-1.506707 -1.245306
-1.500245 -1.226954
-1.493207 -1.207712
-1.485572 -1.187609
-1.477318 -1.166674
-1.468424 -1.144937
-1.458870 -1.122429
-1.448633 -1.099180
-1.437693 -1.075223
-1.426030 -1.050588
-1.413625 -1.025307
-1.400457 -0.999413
-1.386508 -0.972938
-1.371758 -0.945914
-1.356191 -0.918374
-1.339788 -0.890352
-1.322533 -0.861881
-1.304408 -0.832994
-1.285397 -0.803726
-1.265486 -0.774111
-1.244659 -0.744183
-1.222902 -0.713976
-1.200202 -0.683525
-1.176546 -0.652865
-1.151922 -0.622031
-1.126319 -0.591058
-1.099728 -0.559981
-1.072138 -0.528834
-1.043543 -0.497652
-1.013936 -0.466468
-0.983311 -0.435318
-0.951666 -0.404234
-0.918998 -0.373248
-0.885307 -0.342394
-0.850595 -0.311700
-0.814865 -0.281198
-0.778125 -0.250916
-0.740383 -0.220881
-0.701649 -0.191119
-0.661938 -0.161654
-0.621267 -0.132507
-0.579654 -0.103700
-0.537121 -0.075251
-0.493695 -0.047176
-0.449404 -0.019490
-0.404278 0.007796
-0.358351 0.034672
-0.311661 0.061129
-0.264246 0.087161
-0.216150 0.112765
-0.167416 0.137938
-0.118092 0.162680
-0.068226 0.186993
-0.017870 0.210878
0.032925 0.234341
0.084103 0.257386
0.135609 0.280020
0.187386 0.302250
0.239377 0.324085
0.291523 0.345535
0.343764 0.366607
0.396041 0.387314
0.448292 0.407665
0.500459 0.427672
0.552479 0.447346
0.604291 0.466699
0.655835 0.485742
0.707050 0.504488
0.757875 0.522948
0.808250 0.541135
0.858114 0.559061
0.907408 0.576738
0.956073 0.594178
1.004050 0.611393
1.051280 0.628395
1.097708 0.645195
1.143275 0.661806
1.187928 0.678237
1.231612 0.694501
1.274273 0.710606
1.315859 0.726563
1.356321 0.742382
1.395609 0.758070
1.433676 0.773636
1.470478 0.789087
1.505972 0.804428
1.540115 0.819664
1.572871 0.834799
1.604203 0.849836
1.634078 0.864775
1.662466 0.879617
1.689338 0.894359
1.714672 0.908998
1.738445 0.923530
1.760639 0.937947
1.781239 0.952241
1.800234 0.966403
1.817614 0.980422
1.833375 0.994285
1.847514 1.007977
1.860031 1.021483
