3.201455 2.020502 3.396548 1.039717
 3.200476 2.020301 3.394588 1.039322
 
3.207612 2.021789 3.402719 1.041007
 3.206636 2.021582 3.400762 1.040606
 
3.213549 2.023068 3.408697 1.042294
 3.212577 2.022856 3.406743 1.041887
 
3.219256 2.024333 3.414480 1.043574
 3.218288 2.024116 3.412531 1.043162
 
3.224722 2.025577 3.420070 1.044843
 3.223760 2.025356 3.418126 1.044427
 
3.229938 2.026795 3.425467 1.046097
 3.228982 2.026569 3.423530 1.045676
 
3.234895 2.027979 3.430673 1.047331
 3.233946 2.027750 3.428743 1.046907
 
3.239584 2.029124 3.435688 1.048541
 3.238643 2.028893 3.433766 1.048114
 
3.243999 2.030224 3.440512 1.049723
 3.243066 2.029990 3.438599 1.049293
 
3.248131 2.031273 3.445146 1.050873
 3.247207 2.031037 3.443243 1.050441
 
3.251974 2.032266 3.449589 1.051986
 3.251061 2.032029 3.447697 1.051552
 
3.255524 2.033197 3.453843 1.053060
 3.254622 2.032959 3.451963 1.052624
 
3.258774 2.034062 3.457906 1.054090
 3.257884 2.033824 3.456039 1.053653
 
3.261721 2.034857 3.461780 1.055073
 3.260843 2.034619 3.459926 1.054636
 
3.264361 2.035576 3.465462 1.056006
 3.263496 2.035339 3.463623 1.055570
 
3.266690 2.036218 3.468954 1.056887
 3.265838 2.035982 3.467130 1.056451
 
3.268706 2.036778 3.472254 1.057713
 3.267868 2.036544 3.470446 1.057278
 
3.270407 2.037254 3.475362 1.058482
 3.269584 2.037023 3.473571 1.058049
 
3.271791 2.037644 3.478276 1.059194
 3.270984 2.037416 3.476502 1.058763
 
3.272858 2.037946 3.480995 1.059846
 3.272066 2.037722 3.479240 1.059417
 
3.273607 2.038158 3.483518 1.060438
 3.272832 2.037938 3.481783 1.060012
 
3.274039 2.038281 3.485843 1.060969
 3.273281 2.038066 3.484128 1.060547
 
3.274154 2.038314 3.487969 1.061440
 3.273413 2.038103 3.486275 1.061021
 
3.273954 2.038257 3.489893 1.061850
 3.273232 2.038052 3.488221 1.061435
 
3.273442 2.038111 3.491613 1.062201
 3.272737 2.037911 3.489965 1.061790
 
3.272619 2.037878 3.493128 1.062493
 3.271933 2.037684 3.491503 1.062087
 
3.271489 2.037559 3.494434 1.062727
 3.270823 2.037371 3.492834 1.062327
 
3.270056 2.037155 3.495529 1.062906
 3.269409 2.036974 3.493954 1.062510
 
3.268325 2.036671 3.496409 1.063030
 3.267697 2.036497 3.494861 1.062640
 
3.266300 2.036110 3.497073 1.063102
 3.265692 2.035942 3.495552 1.062718
 
3.263987 2.035474 3.497516 1.063124
 3.263399 2.035313 3.496023 1.062746
 
3.261392 2.034767 3.497736 1.063098
 3.260825 2.034614 3.496271 1.062727
 
3.258524 2.033995 3.497728 1.063026
 3.257977 2.033849 3.496294 1.062661
 
3.255388 2.033161 3.497490 1.062911
 3.254862 2.033023 3.496086 1.062553
 
3.251994 2.032271 3.497018 1.062754
 3.251489 2.032140 3.495646 1.062404
 
3.248350 2.031330 3.496308 1.062559
 3.247867 2.031206 3.494968 1.062216
 
3.244467 2.030342 3.495356 1.062326
 3.244004 2.030226 3.494049 1.061992
 
3.240353 2.029314 3.494159 1.062059
 3.239912 2.029205 3.492886 1.061732
 
3.236020 2.028252 3.492712 1.061759
 3.235600 2.028150 3.491474 1.061440
 
3.231478 2.027160 3.491013 1.061426
 3.231080 2.027065 3.489811 1.061116
 
3.226740 2.026045 3.489058 1.061063
 3.226363 2.025957 3.487892 1.060761
 
3.221816 2.024911 3.486843 1.060671
 3.221461 2.024831 3.485715 1.060378
 
3.216720 2.023766 3.484366 1.060249
 3.216386 2.023692 3.483275 1.059965
 
3.211464 2.022614 3.481622 1.059798
 3.211151 2.022546 3.480570 1.059523
 
3.206060 2.021461 3.478609 1.059319
 3.205768 2.021399 3.477597 1.059053
 
3.200523 2.020311 3.475325 1.058810
 3.200252 2.020255 3.474353 1.058555
 
3.194863 2.019170 3.471767 1.058272
 3.194613 2.019120 3.470835 1.058026
 
3.189096 2.018041 3.467932 1.057703
 3.188867 2.017997 3.467043 1.057467
 
3.183234 2.016931 3.463820 1.057102
 3.183025 2.016892 3.462973 1.056877
 
3.177289 2.015841 3.459429 1.056468
 3.177101 2.015807 3.458625 1.056253
 
3.171275 2.014777 3.454758 1.055799
 3.171107 2.014748 3.453997 1.055595
 
3.165204 2.013741 3.449805 1.055095
 3.165056 2.013716 3.449088 1.054901
 
3.159089 2.012736 3.444571 1.054352
 3.158961 2.012715 3.443898 1.054169
 
3.152942 2.011765 3.439055 1.053569
 3.152833 2.011748 3.438428 1.053397
 
3.146774 2.010830 3.433258 1.052745
 3.146685 2.010817 3.432676 1.052584
 
3.140597 2.009933 3.427180 1.051878
 3.140527 2.009923 3.426644 1.051728
 
3.134422 2.009076 3.420822 1.050966
 3.134371 2.009069 3.420332 1.050828
 
3.128260 2.008259 3.414185 1.050007
 3.128228 2.008255 3.413742 1.049881
 
3.122120 2.007485 3.407271 1.049002
 3.122107 2.007483 3.406875 1.048887
 
3.116014 2.006752 3.400081 1.047948
 3.116019 2.006753 3.399733 1.047844
 
3.109949 2.006063 3.392619 1.046845
 3.109973 2.006065 3.392318 1.046753
 
3.103936 2.005416 3.384885 1.045693
 3.103977 2.005420 3.384633 1.045612
 
3.097982 2.004812 3.376883 1.044492
 3.098042 2.004818 3.376679 1.044421
 
3.092097 2.004250 3.368616 1.043241
 3.092173 2.004257 3.368460 1.043182
 
3.086286 2.003730 3.360086 1.041943
 3.086381 2.003738 3.359979 1.041894
 
3.080559 2.003250 3.351297 1.040597
 3.080671 2.003259 3.351239 1.040558
 
3.074923 2.002811 3.342253 1.039206
 3.075051 2.002820 3.342244 1.039177
 
3.069382 2.002410 3.332957 1.037771
 3.069528 2.002420 3.332997 1.037752
 
3.063945 2.002047 3.323413 1.036295
 3.064107 2.002057 3.323503 1.036286
 
3.058616 2.001719 3.313625 1.034781
 3.058794 2.001730 3.313765 1.034781
 
3.053401 2.001427 3.303599 1.033232
 3.053595 2.001437 3.303787 1.033241
 
3.048306 2.001167 3.293337 1.031652
 3.048516 2.001178 3.293575 1.031670
 
3.043334 2.000939 3.282846 1.030046
 3.043560 2.000949 3.283133 1.030071
 
3.038491 2.000741 3.272130 1.028418
 3.038731 2.000750 3.272467 1.028450
 
3.033779 2.000571 3.261194 1.026773
 3.034035 2.000579 3.261580 1.026812
 
3.029204 2.000427 3.250043 1.025116
 3.029475 2.000434 3.250478 1.025161
 
3.024768 2.000307 3.238684 1.023455
 3.025053 2.000314 3.239168 1.023505
 
3.020473 2.000210 3.227122 1.021794
 3.020772 2.000216 3.227655 1.021850
 
3.016322 2.000133 3.215363 1.020142
 3.016636 2.000138 3.215945 1.020202
 
3.012318 2.000076 3.203414 1.018505
 3.012644 2.000080 3.204044 1.018568
 
3.008460 2.000036 3.191281 1.016890
 3.008800 2.000039 3.191960 1.016955
 
3.004751 2.000011 3.178972 1.015305
 3.005104 2.000013 3.179698 1.015373
 
3.001191 2.000001 3.166494 1.013758
 3.001557 2.000001 3.167268 1.013827
 
2.997779 2.000002 3.153854 1.012257
 2.998158 2.000002 3.154675 1.012326
 
2.994515 2.000015 3.141061 1.010811
 2.994906 2.000013 3.141928 1.010880
 
2.991398 2.000037 3.128122 1.009428
 2.991801 2.000034 3.129036 1.009495
 
2.988427 2.000067 3.115048 1.008116
 2.988841 2.000062 3.116007 1.008181
 
2.985597 2.000104 3.101846 1.006884
 2.986023 2.000098 3.102850 1.006945
 
2.982907 2.000146 3.088526 1.005739
 2.983344 2.000139 3.089576 1.005797
 
2.980353 2.000193 3.075100 1.004692
 2.980801 2.000184 3.076193 1.004745
 
2.977930 2.000244 3.061576 1.003748
 2.978388 2.000234 3.062713 1.003795
 
2.975634 2.000297 3.047966 1.002916
 2.976102 2.000286 3.049146 1.002957
 
2.973458 2.000352 3.034282 1.002204
 2.973937 2.000340 3.035503 1.002237
 
2.971396 2.000409 3.020534 1.001617
 2.971885 2.000395 3.021797 1.001642
 
2.969442 2.000467 3.006735 1.001163
 2.969940 2.000452 3.008038 1.001178
 
2.967588 2.000525 2.992898 1.000846
 2.968095 2.000509 2.994240 1.000851
 
2.965825 2.000584 2.979035 1.000671
 2.966342 2.000567 2.980415 1.000666
 
2.964145 2.000643 2.965158 1.000644
 2.964671 2.000624 2.966577 1.000626
 
2.962539 2.000702 2.951283 1.000765
 2.963074 2.000682 2.952738 1.000735
 
2.960997 2.000761 2.937420 1.001039
 2.961542 2.000740 2.938911 1.000996
 
2.959511 2.000820 2.923586 1.001466
 2.960064 2.000798 2.925111 1.001409
 
2.958068 2.000880 2.909792 1.002046
 2.958630 2.000856 2.911350 1.001974
 
2.956661 2.000940 2.896053 1.002778
 2.957231 2.000915 2.897643 1.002692
 
2.955277 2.001001 2.882382 1.003661
 2.955856 2.000975 2.884003 1.003560
 
2.953907 2.001063 2.868792 1.004692
 2.954495 2.001036 2.870443 1.004574
 
2.952541 2.001127 2.855297 1.005866
 2.953137 2.001099 2.856977 1.005733
 
2.951169 2.001193 2.841910 1.007180
 2.951773 2.001164 2.843617 1.007030
 
2.949781 2.001262 2.828643 1.008626
 2.950394 2.001231 2.830377 1.008459
 
2.948368 2.001334 2.815509 1.010199
 2.948989 2.001302 2.817267 1.010015
 
2.946921 2.001410 2.802520 1.011890
 2.947550 2.001376 2.804302 1.011690
 
2.945431 2.001490 2.789687 1.013693
 2.946068 2.001455 2.791491 1.013475
 
2.943891 2.001575 2.777021 1.015596
 2.944535 2.001539 2.778846 1.015361
 
2.942292 2.001666 2.764532 1.017593
 2.942945 2.001629 2.766377 1.017340
 
2.940629 2.001764 2.752232 1.019671
 2.941289 2.001725 2.754095 1.019402
 
2.938895 2.001869 2.740128 1.021822
 2.939563 2.001828 2.742009 1.021536
 
2.937084 2.001981 2.728231 1.024034
 2.937759 2.001939 2.730127 1.023732
 
2.935191 2.002102 2.716548 1.026297
 2.935873 2.002058 2.718460 1.025979
 
2.933212 2.002233 2.705088 1.028601
 2.933901 2.002187 2.707013 1.028266
 
2.931143 2.002373 2.693859 1.030933
 2.931839 2.002326 2.695796 1.030583
 
2.928981 2.002525 2.682866 1.033284
 2.929684 2.002475 2.684815 1.032919
 
2.926723 2.002688 2.672118 1.035643
 2.927432 2.002637 2.674076 1.035263
 
2.924367 2.002864 2.661619 1.038000
 2.925083 2.002810 2.663587 1.037606
 
2.921912 2.003054 2.651377 1.040343
 2.922633 2.002997 2.653352 1.039936
 
2.919356 2.003257 2.641396 1.042665
 2.920083 2.003199 2.643377 1.042244
 
2.916699 2.003476 2.631681 1.044953
 2.917431 2.003415 2.633668 1.044520
 
2.913940 2.003710 2.622237 1.047201
 2.914677 2.003647 2.624229 1.046756
 
2.911080 2.003961 2.613069 1.049399
 2.911822 2.003895 2.615064 1.048942
 
2.908120 2.004230 2.604181 1.051538
 2.908866 2.004161 2.606178 1.051072
 
2.905061 2.004517 2.595577 1.053612
 2.905810 2.004446 2.597575 1.053136
 
2.901903 2.004823 2.587260 1.055613
 2.902656 2.004749 2.589258 1.055127
 
2.898649 2.005149 2.579235 1.057534
 2.899405 2.005073 2.581232 1.057040
 
2.895302 2.005496 2.571504 1.059370
 2.896060 2.005416 2.573498 1.058868
 
2.891862 2.005864 2.564070 1.061114
 2.892623 2.005782 2.566061 1.060606
 
2.888334 2.006254 2.556937 1.062763
 2.889097 2.006169 2.558924 1.062248
 
2.884720 2.006667 2.550107 1.064312
 2.885485 2.006578 2.552089 1.063792
 
2.881024 2.007103 2.543583 1.065756
 2.881790 2.007011 2.545559 1.065232
 
2.877249 2.007562 2.537367 1.067094
 2.878016 2.007468 2.539336 1.066566
 
2.873400 2.008046 2.531462 1.068323
 2.874167 2.007949 2.533423 1.067792
 
2.869480 2.008554 2.525870 1.069442
 2.870247 2.008454 2.527822 1.068908
 
2.865495 2.009087 2.520594 1.070448
 2.866262 2.008983 2.522536 1.069913
 
2.861449 2.009645 2.515634 1.071342
 2.862215 2.009538 2.517565 1.070807
 
2.857348 2.010227 2.510993 1.072124
 2.858113 2.010117 2.512912 1.071588
 
2.853198 2.010834 2.506672 1.072794
 2.853962 2.010721 2.508578 1.072259
 
2.849005 2.011465 2.502673 1.073353
 2.849766 2.011349 2.504565 1.072821
 
2.844775 2.012121 2.498997 1.073805
 2.845534 2.012002 2.500874 1.073274
 
2.840515 2.012800 2.495644 1.074150
 2.841272 2.012678 2.497506 1.073622
 
2.836233 2.013501 2.492616 1.074391
 2.836986 2.013376 2.494461 1.073868
 
2.831936 2.014224 2.489912 1.074533
 2.832686 2.014096 2.491740 1.074013
 
2.827633 2.014967 2.487534 1.074578
 2.828379 2.014837 2.489343 1.074064
 
2.823332 2.015730 2.485480 1.074530
 2.824074 2.015597 2.487270 1.074022
 
2.819042 2.016509 2.483751 1.074394
 2.819779 2.016374 2.485520 1.073893
 
2.814774 2.017304 2.482346 1.074175
 2.815506 2.017166 2.484093 1.073680
 
2.810536 2.018112 2.481263 1.073878
 2.811262 2.017972 2.482988 1.073390
 
2.806339 2.018932 2.480500 1.073506
 2.807060 2.018789 2.482203 1.073026
 
2.802194 2.019759 2.480057 1.073066
 2.802909 2.019615 2.481735 1.072595
 
2.798112 2.020591 2.479931 1.072561
 2.798820 2.020446 2.481584 1.072099
 
2.794104 2.021426 2.480118 1.071999
 2.794806 2.021279 2.481745 1.071546
 
2.790183 2.022259 2.480616 1.071382
 2.790877 2.022111 2.482216 1.070938
 
2.786360 2.023088 2.481422 1.070715
 2.787046 2.022938 2.482994 1.070282
 
2.782646 2.023907 2.482531 1.070004
 2.783325 2.023756 2.484075 1.069582
 
2.779055 2.024714 2.483940 1.069252
 2.779726 2.024562 2.485454 1.068840
 
2.775599 2.025503 2.485643 1.068463
 2.776260 2.025351 2.487126 1.068062
 
2.772289 2.026271 2.487635 1.067641
 2.772942 2.026119 2.489088 1.067251
 
2.769138 2.027013 2.489913 1.066788
 2.769781 2.026861 2.491333 1.066410
 
2.766158 2.027725 2.492469 1.065907
 2.766791 2.027573 2.493857 1.065541
 
2.763361 2.028402 2.495299 1.065001
 2.763983 2.028251 2.496653 1.064646
 
2.760757 2.029040 2.498396 1.064071
 2.761369 2.028890 2.499716 1.063728
 
2.758359 2.029634 2.501754 1.063118
 2.758959 2.029485 2.503039 1.062787
 
2.756176 2.030181 2.505368 1.062144
 2.756764 2.030033 2.506617 1.061825
 
2.754219 2.030675 2.509230 1.061149
 2.754795 2.030529 2.510443 1.060842
 
2.752497 2.031113 2.513336 1.060133
 2.753060 2.030969 2.514511 1.059839
 
2.751019 2.031492 2.517677 1.059097
 2.751570 2.031350 2.518815 1.058815
 
2.749795 2.031807 2.522249 1.058040
 2.750332 2.031669 2.523349 1.057770
 
2.748831 2.032057 2.527045 1.056961
 2.749354 2.031921 2.528105 1.056704
 
2.748136 2.032237 2.532058 1.055861
 2.748644 2.032105 2.533079 1.055616
 
2.747715 2.032347 2.537284 1.054738
 2.748208 2.032219 2.538265 1.054505
 
2.747574 2.032384 2.542715 1.053592
 2.748052 2.032259 2.543656 1.053371
 
2.747719 2.032346 2.548347 1.052422
 2.748181 2.032226 2.549247 1.052213
 
2.748155 2.032233 2.554174 1.051227
 2.748601 2.032116 2.555032 1.051030
 
2.748885 2.032043 2.560190 1.050007
 2.749314 2.031931 2.561005 1.049822
 
2.749912 2.031777 2.566390 1.048761
 2.750325 2.031670 2.567163 1.048588
 
2.751240 2.031435 2.572769 1.047490
 2.751635 2.031333 2.573500 1.047327
 
2.752870 2.031018 2.579323 1.046192
 2.753248 2.030921 2.580010 1.046041
 
2.754804 2.030526 2.586046 1.044869
 2.755163 2.030436 2.586690 1.044729
 
2.757043 2.029963 2.592935 1.043521
 2.757383 2.029878 2.593535 1.043392
 
2.759586 2.029330 2.599985 1.042148
 2.759908 2.029250 2.600541 1.042031
 
2.762434 2.028629 2.607192 1.040752
 2.762736 2.028555 2.607703 1.040646
 
2.765585 2.027863 2.614551 1.039335
 2.765868 2.027795 2.615018 1.039239
 
2.769038 2.027037 2.622060 1.037897
 2.769301 2.026975 2.622482 1.037811
 
2.772790 2.026154 2.629715 1.036442
 2.773033 2.026098 2.630091 1.036366
 
2.776840 2.025218 2.637512 1.034972
 2.777062 2.025167 2.637843 1.034906
 
2.781183 2.024234 2.645448 1.033489
 2.781384 2.024189 2.645733 1.033432
 
2.785815 2.023207 2.653520 1.031996
 2.785995 2.023167 2.653760 1.031949
 
2.790732 2.022142 2.661725 1.030498
 2.790890 2.022108 2.661918 1.030460
 
2.795928 2.021044 2.670060 1.028997
 2.796065 2.021016 2.670207 1.028967
 
2.801399 2.019920 2.678522 1.027498
 2.801513 2.019896 2.678623 1.027476
 
2.807136 2.018775 2.687109 1.026004
 2.807228 2.018756 2.687164 1.025990
 
2.813133 2.017615 2.695819 1.024520
 2.813203 2.017602 2.695827 1.024514
 
2.819382 2.016447 2.704648 1.023050
 2.819429 2.016438 2.704610 1.023052
 
2.825875 2.015277 2.713595 1.021600
 2.825899 2.015272 2.713511 1.021608
 
2.832601 2.014111 2.722657 1.020173
 2.832602 2.014111 2.722527 1.020187
 
2.839552 2.012956 2.731833 1.018774
 2.839530 2.012959 2.731657 1.018795
 
2.846717 2.011818 2.741121 1.017409
 2.846672 2.011825 2.740899 1.017434
 
2.854085 2.010703 2.750518 1.016080
 2.854016 2.010713 2.750250 1.016111
 
2.861643 2.009618 2.760023 1.014794
 2.861550 2.009631 2.759709 1.014830
 
2.869380 2.008568 2.769634 1.013555
 2.869263 2.008583 2.769275 1.013594
 
2.877281 2.007558 2.779350 1.012365
 2.877141 2.007576 2.778944 1.012409
 
2.885335 2.006596 2.789168 1.011231
 2.885171 2.006615 2.788717 1.011277
 
2.893526 2.005685 2.799087 1.010154
 2.893339 2.005705 2.798591 1.010203
 
2.901840 2.004829 2.809105 1.009139
 2.901629 2.004850 2.808565 1.009190
 
2.910262 2.004035 2.819221 1.008187
 2.910028 2.004056 2.818636 1.008241
 
2.918778 2.003304 2.829432 1.007303
 2.918519 2.003325 2.828803 1.007358
 
2.927370 2.002641 2.839737 1.006488
 2.927088 2.002662 2.839065 1.006543
 
2.936024 2.002049 2.850135 1.005744
 2.935719 2.002068 2.849419 1.005799
 
2.944724 2.001529 2.860623 1.005072
 2.944396 2.001547 2.859863 1.005126
 
2.953453 2.001084 2.871198 1.004473
 2.953102 2.001100 2.870396 1.004526
 
2.962196 2.000715 2.881860 1.003947
 2.961823 2.000729 2.881016 1.003999
 
2.970937 2.000422 2.892605 1.003495
 2.970541 2.000434 2.891719 1.003545
 
2.979660 2.000207 2.903431 1.003117
 2.979242 2.000215 2.902504 1.003164
 
2.988350 2.000068 2.914335 1.002811
 2.987910 2.000073 2.913368 1.002855
 
2.996991 2.000005 2.925315 1.002577
 2.996530 2.000006 2.924308 1.002617
 
3.005568 2.000016 2.936368 1.002413
 3.005086 2.000013 2.935321 1.002450
 
3.014068 2.000099 2.947490 1.002318
 3.013565 2.000092 2.946404 1.002350
 
3.022475 2.000253 2.958679 1.002290
 3.021953 2.000241 2.957555 1.002317
 
3.030777 2.000474 2.969930 1.002327
 3.030235 2.000457 2.968768 1.002348
 
3.038960 2.000759 2.981240 1.002426
 3.038399 2.000738 2.980041 1.002442
 
3.047012 2.001106 2.992606 1.002587
 3.046432 2.001079 2.991370 1.002596
 
3.054921 2.001509 3.004022 1.002805
 3.054322 2.001477 3.002751 1.002807
 
3.062675 2.001966 3.015486 1.003080
 3.062058 2.001927 3.014180 1.003074
 
3.070263 2.002471 3.026992 1.003408
 3.069629 2.002427 3.025651 1.003395
 
3.077675 2.003021 3.038535 1.003788
 3.077025 2.002971 3.037162 1.003766
 
3.084902 2.003611 3.050112 1.004216
 3.084236 2.003554 3.048706 1.004186
 
3.091934 2.004235 3.061717 1.004692
 3.091252 2.004172 3.060279 1.004652
 
3.098763 2.004889 3.073345 1.005212
 3.098066 2.004820 3.071875 1.005163
 
3.105381 2.005568 3.084991 1.005776
 3.104670 2.005493 3.083491 1.005717
 
3.111781 2.006267 3.096649 1.006382
 3.111056 2.006186 3.095120 1.006313
 
3.117955 2.006981 3.108314 1.007028
 3.117218 2.006894 3.106756 1.006948
 
3.123899 2.007705 3.119980 1.007713
 3.123148 2.007612 3.118395 1.007623
 
3.129605 2.008434 3.131642 1.008436
 3.128843 2.008335 3.130029 1.008336
 
3.135070 2.009164 3.143292 1.009198
 3.134296 2.009059 3.141654 1.009086
 
3.140288 2.009889 3.154926 1.009996
 3.139504 2.009779 3.153263 1.009873
 
3.145256 2.010606 3.166537 1.010832
 3.144462 2.010490 3.164849 1.010698
 
3.149971 2.011310 3.178117 1.011706
 3.149168 2.011188 3.176406 1.011559
 
3.154429 2.011996 3.189661 1.012617
 3.153618 2.011870 3.187928 1.012458
 
3.158629 2.012662 3.201161 1.013567
 3.157810 2.012531 3.199407 1.013396
 
3.162570 2.013303 3.212611 1.014556
 3.161743 2.013167 3.210837 1.014373
 
3.166249 2.013916 3.224003 1.015585
 3.165416 2.013776 3.222210 1.015390
 
3.169668 2.014499 3.235330 1.016657
 3.168829 2.014355 3.233518 1.016449
 
3.172826 2.015048 3.246584 1.017771
 3.171982 2.014900 3.244755 1.017551
 
3.175724 2.015561 3.257757 1.018931
 3.174875 2.015409 3.255911 1.018698
 
3.178364 2.016035 3.268840 1.020137
 3.177511 2.015881 3.266980 1.019892
 
3.180748 2.016471 3.279827 1.021391
 3.179892 2.016314 3.277952 1.021133
 
3.182879 2.016865 3.290707 1.022695
 3.182020 2.016705 3.288820 1.022425
 
3.184761 2.017217 3.301473 1.024051
 3.183901 2.017055 3.299573 1.023768
 
3.186399 2.017526 3.312114 1.025460
 3.185537 2.017363 3.310204 1.025164
 
3.187797 2.017792 3.322623 1.026923
 3.186934 2.017627 3.320703 1.026615
 
3.188961 2.018015 3.332990 1.028442
 3.188097 2.017850 3.331061 1.028122
 
3.189897 2.018196 3.343204 1.030017
 3.189035 2.018030 3.341268 1.029685
 
3.190614 2.018335 3.353257 1.031650
 3.189752 2.018168 3.351315 1.031305
 
3.191118 2.018433 3.363138 1.033340
 3.190258 2.018266 3.361191 1.032983
 
3.191419 2.018492 3.372839 1.035086
 3.190561 2.018325 3.370887 1.034718
 
3.191525 2.018512 3.382347 1.036888
 3.190669 2.018346 3.380393 1.036508
 
3.191445 2.018497 3.391655 1.038744
 3.190593 2.018331 3.389698 1.038353
 
3.191191 2.018447 3.400751 1.040651
 3.190342 2.018282 3.398794 1.040250
 
3.190772 2.018366 3.409627 1.042608
 3.189928 2.018202 3.407670 1.042196
 
3.190200 2.018255 3.418272 1.044610
 3.189360 2.018092 3.416317 1.044187
 
3.189485 2.018116 3.426677 1.046654
 3.188650 2.017956 3.424725 1.046221
 
3.188639 2.017954 3.434833 1.048733
 3.187810 2.017795 3.432885 1.048290
 
3.187674 2.017769 3.442731 1.050843
 3.186851 2.017612 3.440788 1.050391
 
3.186601 2.017564 3.450363 1.052976
 3.185785 2.017409 3.448426 1.052516
 
3.185431 2.017343 3.457720 1.055127
 3.184622 2.017190 3.455791 1.054659
 
3.184176 2.017107 3.464795 1.057288
 3.183374 2.016957 3.462875 1.056811
 
3.182848 2.016859 3.471581 1.059449
 3.182054 2.016711 3.469670 1.058966
 
3.181456 2.016601 3.478070 1.061603
 3.180670 2.016456 3.476170 1.061113
 
3.180012 2.016336 3.484256 1.063742
 3.179235 2.016194 3.482368 1.063245
 
3.178526 2.016065 3.490135 1.065854
 3.177758 2.015926 3.488259 1.065353
 
3.177008 2.015791 3.495700 1.067932
 3.176249 2.015654 3.493838 1.067426
 
3.175467 2.015515 3.500946 1.069965
 3.174718 2.015381 3.499099 1.069455
 
3.173912 2.015239 3.505870 1.071945
 3.173173 2.015109 3.504039 1.071431
 
3.172352 2.014964 3.510468 1.073860
 3.171622 2.014837 3.508654 1.073344
 
3.170793 2.014693 3.514735 1.075702
 3.170074 2.014569 3.512939 1.075184
 
3.169244 2.014426 3.518670 1.077462
 3.168536 2.014305 3.516893 1.076943
 
3.167712 2.014164 3.522270 1.079130
 3.167015 2.014046 3.520513 1.078610
 
3.166202 2.013908 3.525533 1.080698
 3.165517 2.013793 3.523796 1.080179
 
3.164720 2.013660 3.528457 1.082158
 3.164047 2.013548 3.526741 1.081639
 
3.163273 2.013419 3.531040 1.083501
 3.162612 2.013310 3.529346 1.082984
 
3.161864 2.013187 3.533281 1.084721
 3.161215 2.013081 3.531611 1.084207
 
3.160498 2.012964 3.535179 1.085810
 3.159862 2.012861 3.533533 1.085299
 
3.159179 2.012750 3.536734 1.086763
 3.158556 2.012650 3.535113 1.086257
 
3.157910 2.012546 3.537946 1.087575
 3.157301 2.012449 3.536350 1.087073
 
3.156695 2.012353 3.538813 1.088239
 3.156100 2.012259 3.537243 1.087743
 
3.155537 2.012170 3.539335 1.088753
 3.154955 2.012079 3.537792 1.088263
 
3.154438 2.011998 3.539513 1.089112
 3.153871 2.011909 3.537998 1.088629
 
3.153400 2.011836 3.539347 1.089315
 3.152847 2.011750 3.537860 1.088839
 
3.152425 2.011685 3.538836 1.089358
 3.151887 2.011602 3.537378 1.088891
 
3.151515 2.011545 3.537981 1.089242
 3.150991 2.011465 3.536554 1.088783
 
3.150670 2.011416 3.536783 1.088964
 3.150162 2.011339 3.535386 1.088515
 
3.149892 2.011298 3.535241 1.088527
 3.149399 2.011223 3.533875 1.088088
 
3.149182 2.011190 3.533357 1.087930
 3.148704 2.011118 3.532023 1.087502
 
3.148539 2.011093 3.531131 1.087176
 3.148077 2.011024 3.529829 1.086759
 
3.147964 2.011007 3.528563 1.086267
 3.147519 2.010941 3.527294 1.085862
 
3.147457 2.010932 3.525654 1.085206
 3.147027 2.010868 3.524419 1.084814
 
3.147017 2.010866 3.522406 1.083998
 3.146604 2.010805 3.521205 1.083619
 
3.146643 2.010811 3.518818 1.082648
 3.146246 2.010752 3.517653 1.082281
 
3.146335 2.010765 3.514893 1.081160
 3.145954 2.010709 3.513763 1.080807
 
3.146090 2.010729 3.510632 1.079542
 3.145726 2.010675 3.509538 1.079203
 
3.145907 2.010702 3.506035 1.077799
 3.145559 2.010650 3.504978 1.077474
 
3.145783 2.010683 3.501106 1.075940
 3.145452 2.010635 3.500086 1.075629
 
3.145716 2.010674 3.495845 1.073972
 3.145402 2.010627 3.494863 1.073676
 
3.145703 2.010672 3.490254 1.071904
 3.145405 2.010628 3.489311 1.071624
 
3.145739 2.010677 3.484337 1.069746
 3.145459 2.010636 3.483433 1.069480
 
3.145822 2.010689 3.478096 1.067506
 3.145558 2.010650 3.477232 1.067256
 
3.145947 2.010708 3.471534 1.065196
 3.145699 2.010671 3.470711 1.064961
 
3.146107 2.010731 3.464655 1.062825
 3.145877 2.010697 3.463873 1.062605
 
3.146299 2.010760 3.457463 1.060403
 3.146085 2.010728 3.456722 1.060199
 
3.146515 2.010792 3.449962 1.057943
 3.146317 2.010762 3.449262 1.057754
 
3.146749 2.010826 3.442156 1.055455
 3.146567 2.010799 3.441500 1.055281
 
3.146993 2.010862 3.434052 1.052950
 3.146828 2.010838 3.433439 1.052791
 
3.147240 2.010899 3.425655 1.050438
 3.147091 2.010877 3.425085 1.050294
 
3.147481 2.010935 3.416972 1.047932
 3.147349 2.010915 3.416446 1.047802
 
3.147708 2.010969 3.408009 1.045441
 3.147591 2.010952 3.407528 1.045326
 
3.147911 2.010999 3.398774 1.042977
 3.147810 2.010984 3.398338 1.042875
 
3.148080 2.011025 3.389275 1.040548
 3.147995 2.011012 3.388885 1.040460
 
3.148205 2.011043 3.379521 1.038165
 3.148135 2.011033 3.379177 1.038089
 
3.148276 2.011054 3.369521 1.035836
 3.148222 2.011046 3.369224 1.035772
 
3.148282 2.011055 3.359284 1.033569
 3.148242 2.011049 3.359033 1.033518
 
3.148211 2.011044 3.348820 1.031373
 3.148187 2.011041 3.348617 1.031333
 
3.148053 2.011021 3.338140 1.029253
 3.148044 2.011019 3.337984 1.029223
 
3.147797 2.010982 3.327253 1.027216
 3.147802 2.010983 3.327145 1.027196
 
3.147431 2.010928 3.316173 1.025267
 3.147451 2.010931 3.316112 1.025257
 
3.146945 2.010855 3.304908 1.023410
 3.146980 2.010861 3.304896 1.023408
 
3.146329 2.010764 3.293472 1.021649
 3.146378 2.010771 3.293508 1.021654
 
3.145571 2.010652 3.281875 1.019985
 3.145634 2.010661 3.281960 1.019997
 
3.144662 2.010519 3.270129 1.018421
 3.144739 2.010530 3.270263 1.018440
 
3.143592 2.010363 3.258246 1.016958
 3.143684 2.010376 3.258428 1.016981
 
3.142353 2.010184 3.246237 1.015595
 3.142459 2.010199 3.246468 1.015623
 
3.140936 2.009981 3.234115 1.014332
 3.141056 2.009998 3.234394 1.014364
 
3.139334 2.009755 3.221889 1.013168
 3.139467 2.009773 3.222217 1.013203
 
3.137538 2.009504 3.209573 1.012101
 3.137685 2.009524 3.209949 1.012138
 
3.135544 2.009229 3.197176 1.011130
 3.135704 2.009251 3.197600 1.011168
 
3.133344 2.008930 3.184709 1.010250
 3.133518 2.008954 3.185182 1.010289
 
3.130935 2.008609 3.172183 1.009460
 3.131122 2.008634 3.172704 1.009499
 
3.128311 2.008266 3.159609 1.008756
 3.128512 2.008292 3.160177 1.008794
 
3.125469 2.007902 3.146996 1.008134
 3.125684 2.007930 3.147611 1.008170
 
3.122406 2.007520 3.134354 1.007591
 3.122635 2.007548 3.135017 1.007625
 
3.119121 2.007120 3.121693 1.007124
 3.119363 2.007149 3.122402 1.007154
 
3.115610 2.006705 3.109022 1.006727
 3.115866 2.006735 3.109777 1.006754
 
3.111875 2.006278 3.096350 1.006398
 3.112143 2.006308 3.097150 1.006420
 
3.107913 2.005840 3.083685 1.006133
 3.108195 2.005870 3.084531 1.006150
 
3.103727 2.005394 3.071036 1.005929
 3.104022 2.005425 3.071926 1.005940
 
3.099316 2.004944 3.058412 1.005781
 3.099624 2.004975 3.059346 1.005786
 
3.094682 2.004492 3.045819 1.005687
 3.095003 2.004523 3.046797 1.005686
 
3.089827 2.004043 3.033266 1.005643
 3.090162 2.004073 3.034287 1.005635
 
3.084755 2.003598 3.020761 1.005648
 3.085102 2.003628 3.021824 1.005632
 
3.079467 2.003163 3.008310 1.005697
 3.079828 2.003191 3.009414 1.005673
 
3.073969 2.002739 2.995920 1.005790
 3.074342 2.002767 2.997066 1.005757
 
3.068264 2.002333 2.983600 1.005923
 3.068650 2.002359 2.984785 1.005882
 
3.062357 2.001946 2.971354 1.006096
 3.062756 2.001971 2.972579 1.006045
 
3.056254 2.001584 2.959190 1.006305
 3.056665 2.001607 2.960453 1.006246
 
3.049960 2.001249 2.947114 1.006551
 3.050383 2.001270 2.948415 1.006482
 
3.043481 2.000946 2.935131 1.006833
 3.043916 2.000965 2.936470 1.006754
 
3.036825 2.000678 2.923249 1.007149
 3.037272 2.000695 2.924624 1.007060
 
3.029998 2.000450 2.911472 1.007499
 3.030457 2.000464 2.912882 1.007400
 
3.023009 2.000265 2.899807 1.007883
 3.023480 2.000276 2.901251 1.007774
 
3.015866 2.000126 2.888258 1.008301
 3.016348 2.000134 2.889736 1.008181
 
3.008577 2.000037 2.876831 1.008753
 3.009072 2.000041 2.878341 1.008623
 
3.001153 2.000001 2.865530 1.009240
 3.001659 2.000001 2.867072 1.009100
 
2.993603 2.000020 2.854361 1.009762
 2.994120 2.000017 2.855933 1.009611
 
2.985937 2.000099 2.843327 1.010320
 2.986465 2.000092 2.844929 1.010159
 
2.978167 2.000238 2.832434 1.010914
 2.978706 2.000227 2.834064 1.010743
 
2.970303 2.000441 2.821684 1.011547
 2.970854 2.000425 2.823342 1.011365
 
2.962359 2.000709 2.811083 1.012217
 2.962920 2.000688 2.812767 1.012025
 
2.954345 2.001043 2.800632 1.012927
 2.954917 2.001017 2.802342 1.012725
 
2.946276 2.001444 2.790337 1.013677
 2.946858 2.001413 2.792070 1.013465
 
2.938164 2.001914 2.780199 1.014469
 2.938757 2.001877 2.781956 1.014247
 
2.930022 2.002451 2.770222 1.015302
 2.930626 2.002409 2.772000 1.015071
 
2.921866 2.003057 2.760408 1.016178
 2.922480 2.003009 2.762206 1.015937
 
2.913709 2.003730 2.750759 1.017096
 2.914333 2.003676 2.752577 1.016845
 
2.905566 2.004469 2.741277 1.018057
 2.906200 2.004409 2.743113 1.017797
 
2.897452 2.005272 2.731964 1.019060
 2.898096 2.005206 2.733817 1.018792
 
2.889382 2.006137 2.722822 1.020106
 2.890035 2.006065 2.724691 1.019829
 
2.881370 2.007061 2.713851 1.021193
 2.882033 2.006982 2.715735 1.020907
 
2.873432 2.008042 2.705053 1.022320
 2.874105 2.007956 2.706950 1.022026
 
2.865583 2.009075 2.696429 1.023486
 2.866265 2.008983 2.698338 1.023184
 
2.857838 2.010157 2.687979 1.024688
 2.858530 2.010058 2.689898 1.024378
 
2.850212 2.011282 2.679704 1.025926
 2.850912 2.011176 2.681633 1.025608
 
2.842718 2.012446 2.671604 1.027195
 2.843428 2.012334 2.673541 1.026870
 
2.835372 2.013644 2.663679 1.028494
 2.836090 2.013525 2.665623 1.028161
 
2.828187 2.014870 2.655930 1.029818
 2.828913 2.014744 2.657879 1.029479
 
2.821176 2.016119 2.648356 1.031166
 2.821911 2.015986 2.650310 1.030819
 
2.814353 2.017383 2.640957 1.032531
 2.815096 2.017243 2.642914 1.032178
 
2.807730 2.018658 2.633734 1.033912
 2.808480 2.018511 2.635693 1.033552
 
2.801318 2.019936 2.626686 1.035302
 2.802076 2.019783 2.628646 1.034936
 
2.795129 2.021211 2.619814 1.036699
 2.795894 2.021051 2.621773 1.036327
 
2.789174 2.022476 2.613117 1.038097
 2.789945 2.022310 2.615074 1.037719
 
2.783461 2.023726 2.606595 1.039491
 2.784239 2.023554 2.608550 1.039108
 
2.778002 2.024953 2.600248 1.040878
 2.778785 2.024775 2.602199 1.040490
 
2.772804 2.026151 2.594076 1.042252
 2.773593 2.025967 2.596023 1.041859
 
2.767875 2.027314 2.588081 1.043610
 2.768669 2.027125 2.590021 1.043212
 
2.763223 2.028436 2.582261 1.044946
 2.764022 2.028242 2.584194 1.044544
 
2.758854 2.029511 2.576618 1.046256
 2.759657 2.029312 2.578542 1.045850
 
2.754774 2.030534 2.571152 1.047537
 2.755581 2.030330 2.573067 1.047127
 
2.750990 2.031499 2.565863 1.048784
 2.751800 2.031291 2.567768 1.048371
 
2.747504 2.032402 2.560754 1.049995
 2.748317 2.032190 2.562647 1.049578
 
2.744322 2.033238 2.555823 1.051165
 2.745138 2.033023 2.557704 1.050745
 
2.741447 2.034003 2.551074 1.052291
 2.742265 2.033784 2.552941 1.051870
 
2.738882 2.034693 2.546507 1.053372
 2.739701 2.034472 2.548360 1.052948
 
2.736629 2.035305 2.542123 1.054404
 2.737449 2.035082 2.543961 1.053979
 
2.734690 2.035837 2.537925 1.055386
 2.735510 2.035612 2.539747 1.054960
 
2.733066 2.036285 2.533914 1.056317
 2.733886 2.036059 2.535718 1.055890
 
2.731757 2.036649 2.530092 1.057194
 2.732576 2.036421 2.531878 1.056768
 
2.730764 2.036926 2.526461 1.058018
 2.731581 2.036698 2.528229 1.057592
 
2.730085 2.037116 2.523024 1.058788
 2.730901 2.036887 2.524772 1.058363
 
2.729720 2.037218 2.519784 1.059503
 2.730534 2.036990 2.521511 1.059079
 
2.729667 2.037233 2.516742 1.060164
 2.730478 2.037006 2.518449 1.059742
 
2.729924 2.037161 2.513903 1.060772
 2.730730 2.036935 2.515587 1.060353
 
2.730486 2.037003 2.511269 1.061327
 2.731289 2.036779 2.512931 1.060911
 
2.731352 2.036762 2.508843 1.061831
 2.732150 2.036540 2.510481 1.061417
 
2.732516 2.036438 2.506630 1.062284
 2.733308 2.036218 2.508244 1.061874
 
2.733974 2.036034 2.504632 1.062688
 2.734759 2.035818 2.506221 1.062283
 
2.735719 2.035554 2.502854 1.063045
 2.736498 2.035341 2.504417 1.062645
 
2.737747 2.035001 2.501299 1.063357
 2.738518 2.034792 2.502836 1.062961
 
2.740050 2.034378 2.499972 1.063624
 2.740813 2.034173 2.501482 1.063235
 
2.742621 2.033690 2.498877 1.063850
 2.743375 2.033489 2.500359 1.063467
 
2.745451 2.032940 2.498018 1.064035
 2.746196 2.032744 2.499472 1.063659
 
2.748533 2.032134 2.497399 1.064182
 2.749267 2.031944 2.498824 1.063812
 
2.751856 2.031277 2.497026 1.064291
 2.752579 2.031092 2.498421 1.063929
 
2.755411 2.030373 2.496901 1.064365
 2.756123 2.030194 2.498266 1.064011
 
2.759188 2.029428 2.497030 1.064403
 2.759887 2.029255 2.498365 1.064058
 
2.763176 2.028447 2.497417 1.064408
 2.763861 2.028281 2.498720 1.064071
 
2.767363 2.027436 2.498067 1.064379
 2.768035 2.027276 2.499338 1.064051
 
2.771739 2.026400 2.498982 1.064317
 2.772395 2.026246 2.500221 1.063998
 
2.776289 2.025344 2.500168 1.064222
 2.776930 2.025197 2.501374 1.063913
 
2.781004 2.024274 2.501628 1.064093
 2.781629 2.024134 2.502800 1.063793
 
2.785869 2.023195 2.503365 1.063929
 2.786477 2.023062 2.504503 1.063640
 
2.790873 2.022112 2.505383 1.063730
 2.791463 2.021986 2.506487 1.063451
 
2.796002 2.021029 2.507685 1.063494
 2.796574 2.020910 2.508753 1.063225
 
2.801244 2.019951 2.510273 1.063219
 2.801797 2.019839 2.511306 1.062961
 
2.806585 2.018883 2.513150 1.062904
 2.807119 2.018778 2.514148 1.062657
 
2.812014 2.017828 2.516318 1.062546
 2.812527 2.017730 2.517279 1.062310
 
2.817518 2.016791 2.519779 1.062144
 2.818010 2.016700 2.520703 1.061918
 
2.823084 2.015774 2.523534 1.061694
 2.823555 2.015690 2.524420 1.061479
 
2.828701 2.014781 2.527583 1.061194
 2.829149 2.014703 2.528432 1.060990
 
2.834356 2.013814 2.531929 1.060642
 2.834782 2.013743 2.532740 1.060448
 
2.840038 2.012877 2.536570 1.060035
 2.840441 2.012812 2.537342 1.059852
 
2.845737 2.011970 2.541507 1.059371
 2.846117 2.011911 2.542241 1.059199
 
2.851441 2.011096 2.546740 1.058648
 2.851797 2.011043 2.547434 1.058487
 
2.857141 2.010257 2.552268 1.057864
 2.857472 2.010209 2.552922 1.057713
 
2.862826 2.009453 2.558089 1.057016
 2.863132 2.009411 2.558703 1.056876
 
2.868486 2.008686 2.564203 1.056104
 2.868768 2.008648 2.564777 1.055973
 
2.874114 2.007955 2.570608 1.055126
 2.874370 2.007923 2.571141 1.055005
 
2.879700 2.007262 2.577302 1.054081
 2.879930 2.007235 2.577794 1.053970
 
2.885236 2.006607 2.584283 1.052968
 2.885439 2.006584 2.584733 1.052867
 
2.890714 2.005990 2.591548 1.051788
 2.890891 2.005970 2.591957 1.051696
 
2.896126 2.005409 2.599095 1.050542
 2.896277 2.005394 2.599463 1.050459
 
2.901467 2.004866 2.606922 1.049229
 2.901591 2.004854 2.607247 1.049154
 
2.906729 2.004359 2.615025 1.047851
 2.906826 2.004350 2.615307 1.047785
 
2.911905 2.003888 2.623401 1.046409
 2.911976 2.003882 2.623641 1.046352
 
2.916991 2.003451 2.632046 1.044907
 2.917034 2.003448 2.632243 1.044858
 
2.921980 2.003048 2.640957 1.043347
 2.921996 2.003047 2.641112 1.043305
 
2.926867 2.002678 2.650131 1.041732
 2.926857 2.002679 2.650242 1.041698
 
2.931648 2.002339 2.659563 1.040066
 2.931610 2.002341 2.659631 1.040038
 
2.936317 2.002030 2.669248 1.038352
 2.936253 2.002034 2.669273 1.038332
 
2.940872 2.001750 2.679184 1.036597
 2.940780 2.001755 2.679165 1.036583
 
2.945307 2.001497 2.689364 1.034805
 2.945189 2.001503 2.689302 1.034796
 
2.949620 2.001270 2.699785 1.032981
 2.949476 2.001277 2.699680 1.032979
 
2.953808 2.001067 2.710441 1.031133
 2.953637 2.001075 2.710292 1.031135
 
2.957868 2.000888 2.721328 1.029266
 2.957670 2.000896 2.721135 1.029273
 
2.961798 2.000730 2.732438 1.027388
 2.961574 2.000739 2.732202 1.027400
 
2.965595 2.000592 2.743768 1.025506
 2.965346 2.000601 2.743488 1.025522
 
2.969260 2.000473 2.755310 1.023628
 2.968985 2.000481 2.754987 1.023647
 
2.972790 2.000370 2.767059 1.021762
 2.972490 2.000378 2.766692 1.021784
 
2.976185 2.000284 2.779007 1.019916
 2.975860 2.000291 2.778597 1.019941
 
2.979445 2.000211 2.791148 1.018099
 2.979096 2.000219 2.790695 1.018126
 
2.982572 2.000152 2.803475 1.016320
 2.982199 2.000158 2.802978 1.016349
 
2.985565 2.000104 2.815979 1.014589
 2.985169 2.000110 2.815440 1.014619
 
2.988427 2.000067 2.828652 1.012914
 2.988008 2.000072 2.828070 1.012945
 
2.991160 2.000039 2.841486 1.011304
 2.990719 2.000043 2.840862 1.011335
 
2.993767 2.000019 2.854473 1.009768
 2.993304 2.000022 2.853806 1.009800
 
2.996251 2.000007 2.867601 1.008317
 2.995767 2.000009 2.866893 1.008348
 
2.998617 2.000001 2.880863 1.006958
 2.998113 2.000002 2.880113 1.006988
 
3.000870 2.000000 2.894247 1.005701
 3.000346 2.000000 2.893455 1.005729
 
3.003015 2.000005 2.907742 1.004553
 3.002471 2.000003 2.906909 1.004580
 
3.005057 2.000013 2.921338 1.003523
 3.004495 2.000010 2.920464 1.003547
 
3.007005 2.000025 2.935022 1.002619
 3.006425 2.000021 2.934108 1.002639
 
3.008864 2.000039 2.948783 1.001846
 3.008268 2.000034 2.947829 1.001862
 
3.010644 2.000057 2.962609 1.001211
 3.010032 2.000050 2.961615 1.001223
 
3.012352 2.000076 2.976486 1.000720
 3.011725 2.000069 2.975453 1.000727
 
3.013997 2.000098 2.990402 1.000376
 3.013356 2.000089 2.989330 1.000378
 
3.015590 2.000122 3.004343 1.000185
 3.014934 2.000112 3.003232 1.000180
 
3.017138 2.000147 3.018295 1.000148
 3.016470 2.000136 3.017147 1.000136
 
3.018653 2.000174 3.032246 1.000266
 3.017973 2.000162 3.031060 1.000247
 
3.020144 2.000203 3.046181 1.000542
 3.019453 2.000189 3.044959 1.000515
 
3.021621 2.000234 3.060086 1.000974
 3.020921 2.000219 3.058828 1.000938
 
3.023095 2.000267 3.073949 1.001561
 3.022385 2.000251 3.072656 1.001515
 
3.024576 2.000302 3.087755 1.002300
 3.023858 2.000285 3.086427 1.002244
 
3.026074 2.000340 3.101490 1.003188
 3.025348 2.000321 3.100128 1.003121
 
3.027598 2.000381 3.115143 1.004220
 3.026865 2.000361 3.113748 1.004142
 
3.029158 2.000425 3.128699 1.005392
 3.028419 2.000404 3.127272 1.005302
 
3.030762 2.000473 3.142147 1.006696
 3.030018 2.000451 3.140688 1.006593
 
3.032420 2.000526 3.155473 1.008126
 3.031672 2.000502 3.153984 1.008010
 
3.034140 2.000583 3.168668 1.009673
 3.033387 2.000558 3.167148 1.009544
 
3.035928 2.000646 3.181718 1.011330
 3.035173 2.000619 3.180169 1.011187
 
3.037792 2.000714 3.194613 1.013087
 3.037035 2.000686 3.193037 1.012929
 
3.039739 2.000790 3.207343 1.014936
 3.038979 2.000760 3.205740 1.014763
 
3.041773 2.000873 3.219899 1.016865
 3.041012 2.000841 3.218269 1.016677
 
3.043900 2.000964 3.232270 1.018866
 3.043139 2.000931 3.230615 1.018662
 
3.046125 2.001064 3.244447 1.020927
 3.045364 2.001029 3.242769 1.020707
 
3.048451 2.001174 3.256424 1.023040
 3.047690 2.001138 3.254722 1.022804
 
3.050882 2.001295 3.268190 1.025192
 3.050122 2.001257 3.266466 1.024940
 
3.053419 2.001428 3.279740 1.027375
 3.052662 2.001388 3.277995 1.027106
 
3.056067 2.001573 3.291065 1.029577
 3.055311 2.001531 3.289300 1.029292
 
3.058824 2.001732 3.302159 1.031789
 3.058072 2.001688 3.300376 1.031487
 
3.061694 2.001905 3.313017 1.034002
 3.060944 2.001859 3.311216 1.033683
 
3.064676 2.002094 3.323631 1.036204
 3.063930 2.002046 3.321813 1.035870
 
3.067771 2.002299 3.333997 1.038389
 3.067029 2.002249 3.332164 1.038038
 
3.070977 2.002522 3.344109 1.040545
 3.070239 2.002470 3.342261 1.040179
 
3.074295 2.002764 3.353962 1.042667
 3.073562 2.002709 3.352101 1.042284
 
3.077722 2.003025 3.363552 1.044745
 3.076994 2.002968 3.361678 1.044347
 
3.081258 2.003307 3.372874 1.046771
 3.080536 2.003248 3.370989 1.046359
 
3.084900 2.003611 3.381924 1.048741
 3.084184 2.003550 3.380028 1.048314
 
3.088646 2.003937 3.390698 1.050645
 3.087936 2.003874 3.388792 1.050204
 
3.092492 2.004287 3.399191 1.052480
 3.091789 2.004222 3.397278 1.052026
 
3.096437 2.004661 3.407401 1.054239
 3.095741 2.004594 3.405481 1.053772
 
3.100477 2.005061 3.415325 1.055918
 3.099788 2.004991 3.413398 1.055439
 
3.104608 2.005486 3.422958 1.057513
 3.103926 2.005415 3.421025 1.057023
 
3.108825 2.005939 3.430298 1.059020
 3.108151 2.005866 3.428361 1.058519
 
3.113125 2.006419 3.437341 1.060436
 3.112459 2.006344 3.435402 1.059925
 
3.117503 2.006928 3.444086 1.061759
 3.116845 2.006850 3.442144 1.061239
 
3.121954 2.007464 3.450529 1.062986
 3.121304 2.007385 3.448587 1.062458
 
3.126473 2.008030 3.456669 1.064118
 3.125831 2.007948 3.454726 1.063582
 
3.131053 2.008625 3.462502 1.065152
 3.130420 2.008541 3.460560 1.064609
 
3.135689 2.009248 3.468027 1.066088
 3.135064 2.009163 3.466087 1.065540
 
3.140373 2.009901 3.473242 1.066928
 3.139758 2.009814 3.471305 1.066376
 
3.145101 2.010583 3.478146 1.067672
 3.144494 2.010494 3.476213 1.067116
 
3.149863 2.011293 3.482736 1.068322
 3.149265 2.011203 3.480808 1.067763
 
3.154652 2.012031 3.487012 1.068878
 3.154063 2.011939 3.485091 1.068318
 
3.159461 2.012796 3.490973 1.069345
 3.158881 2.012702 3.489059 1.068784
 
3.164281 2.013586 3.494619 1.069724
 3.163709 2.013491 3.492712 1.069163
 
3.169102 2.014401 3.497948 1.070018
 3.168538 2.014305 3.496051 1.069458
 
3.173916 2.015240 3.500960 1.070231
 3.173360 2.015142 3.499074 1.069673
 
3.178712 2.016099 3.503657 1.070366
 3.178165 2.015999 3.501783 1.069811
 
3.183481 2.016977 3.506039 1.070427
 3.182941 2.016876 3.504177 1.069877
 
3.188212 2.017872 3.508106 1.070418
 3.187679 2.017770 3.506258 1.069873
 
3.192893 2.018780 3.509860 1.070344
 3.192368 2.018677 3.508027 1.069805
 
3.197514 2.019700 3.511303 1.070207
 3.196996 2.019596 3.509486 1.069675
 
3.202063 2.020627 3.512437 1.070013
 3.201551 2.020522 3.510638 1.069488
 
3.206528 2.021559 3.513264 1.069765
 3.206023 2.021453 3.511483 1.069248
 
3.210897 2.022492 3.513788 1.069466
 3.210397 2.022384 3.512027 1.068959
 
3.215157 2.023421 3.514010 1.069121
 3.214663 2.023312 3.512270 1.068623
 
3.219297 2.024342 3.513936 1.068733
 3.218808 2.024232 3.512218 1.068245
 
3.223303 2.025251 3.513569 1.068305
 3.222820 2.025140 3.511874 1.067828
 
3.227165 2.026144 3.512913 1.067839
 3.226685 2.026032 3.511243 1.067373
 
3.230868 2.027015 3.511972 1.067338
 3.230392 2.026902 3.510328 1.066883
 
3.234401 2.027860 3.510752 1.066803
 3.233930 2.027746 3.509135 1.066361
 
3.237753 2.028674 3.509257 1.066237
 3.237285 2.028560 3.507668 1.065807
 
3.240911 2.029453 3.507493 1.065641
 3.240446 2.029337 3.505933 1.065223
 
3.243865 2.030191 3.505465 1.065014
 3.243402 2.030075 3.503936 1.064610
 
3.246603 2.030883 3.503178 1.064359
 3.246143 2.030767 3.501680 1.063967
 
3.249115 2.031526 3.500639 1.063675
 3.248658 2.031409 3.499173 1.063296
 
3.251392 2.032115 3.497851 1.062962
 3.250937 2.031997 3.496420 1.062596
 
3.253423 2.032645 3.494822 1.062219
 3.252971 2.032526 3.493425 1.061866
 
3.255201 2.033112 3.491557 1.061445
 3.254751 2.032993 3.490196 1.061106
 
3.256717 2.033513 3.488061 1.060641
 3.256269 2.033395 3.486736 1.060314
 
3.257964 2.033846 3.484340 1.059805
 3.257518 2.033727 3.483053 1.059491
 
3.258935 2.034105 3.480398 1.058937
 3.258491 2.033986 3.479150 1.058635
 
3.259624 2.034290 3.476242 1.058034
 3.259181 2.034171 3.475033 1.057745
 
3.260024 2.034398 3.471876 1.057096
 3.259584 2.034279 3.470707 1.056820
 
3.260132 2.034427 3.467306 1.056123
 3.259694 2.034309 3.466178 1.055859
 
3.259943 2.034376 3.462535 1.055113
 3.259507 2.034259 3.461449 1.054861
 
3.259453 2.034244 3.457569 1.054066
 3.259020 2.034128 3.456525 1.053826
 
3.258659 2.034031 3.452412 1.052981
 3.258229 2.033916 3.451411 1.052753
 
3.257559 2.033737 3.447068 1.051858
 3.257132 2.033624 3.446111 1.051643
 
3.256152 2.033363 3.441541 1.050698
 3.255728 2.033251 3.440628 1.050494
 
3.254435 2.032910 3.435835 1.049501
 3.254015 2.032800 3.434967 1.049308
 
3.252409 2.032379 3.429954 1.048267
 3.251993 2.032271 3.429130 1.048085
 
3.250074 2.031773 3.423901 1.046997
 3.249662 2.031667 3.423123 1.046826
 
3.247429 2.031094 3.417679 1.045693
 3.247023 2.030990 3.416947 1.045533
 
3.244477 2.030345 3.411292 1.044357
 3.244076 2.030244 3.410606 1.044208
 
3.241219 2.029529 3.404742 1.042990
 3.240824 2.029431 3.404103 1.042851
 
3.237658 2.028651 3.398032 1.041595
 3.237269 2.028556 3.397440 1.041467
 
3.233796 2.027714 3.391165 1.040174
 3.233414 2.027622 3.390621 1.040057
 
3.229638 2.026724 3.384143 1.038732
 3.229262 2.026635 3.383646 1.038624
 
3.225187 2.025684 3.376969 1.037270
 3.224819 2.025600 3.376520 1.037173
 
3.220449 2.024601 3.369645 1.035794
 3.220089 2.024520 3.369244 1.035706
 
3.215428 2.023480 3.362172 1.034306
 3.215077 2.023403 3.361819 1.034228
 
3.210131 2.022327 3.354554 1.032811
 3.209790 2.022254 3.354248 1.032743
 
3.204566 2.021147 3.346791 1.031313
 3.204234 2.021078 3.346533 1.031254
 
3.198738 2.019947 3.338884 1.029817
 3.198417 2.019882 3.338675 1.029767
 
3.192657 2.018734 3.330837 1.028327
 3.192348 2.018673 3.330676 1.028287
 
3.186331 2.017513 3.322650 1.026848
 3.186034 2.017457 3.322537 1.026817
 
3.179770 2.016291 3.314325 1.025385
 3.179486 2.016239 3.314259 1.025363
 
3.172984 2.015075 3.305862 1.023943
 3.172713 2.015028 3.305844 1.023929
 
3.165983 2.013871 3.297264 1.022526
 3.165727 2.013828 3.297293 1.022521
 
3.158780 2.012686 3.288530 1.021139
 3.158539 2.012647 3.288607 1.021142
 
3.151386 2.011525 3.279664 1.019787
 3.151161 2.011491 3.279787 1.019798
 
3.143814 2.010395 3.270665 1.018473
 3.143606 2.010365 3.270835 1.018492
 
3.136076 2.009302 3.261534 1.017203
 3.135886 2.009276 3.261750 1.017228
 
3.128188 2.008250 3.252274 1.015979
 3.128016 2.008228 3.252536 1.016011
 
3.120162 2.007246 3.242884 1.014805
 3.120010 2.007227 3.243192 1.014843
 
3.112015 2.006293 3.233366 1.013684
 3.111882 2.006279 3.233719 1.013728
 
3.103759 2.005398 3.223722 1.012619
 3.103648 2.005386 3.224120 1.012669
 
3.095412 2.004562 3.213953 1.011613
 3.095322 2.004554 3.214395 1.011668
 
3.086987 2.003791 3.204060 1.010667
 3.086920 2.003785 3.204545 1.010727
 
3.078502 2.003086 3.194045 1.009784
 3.078458 2.003083 3.194573 1.009847
 
3.069971 2.002451 3.183909 1.008963
 3.069951 2.002450 3.184480 1.009030
 
3.061410 2.001887 3.173655 1.008207
 3.061414 2.001888 3.174268 1.008276
 
3.052835 2.001397 3.163284 1.007515
 3.052864 2.001398 3.163939 1.007586
 
3.044261 2.000980 3.152799 1.006888
 3.044317 2.000982 3.153495 1.006960
 
3.035704 2.000638 3.142202 1.006325
 3.035786 2.000641 3.142938 1.006398
 
3.027179 2.000369 3.131496 1.005825
 3.027287 2.000372 3.132271 1.005898
 
3.018700 2.000175 3.120683 1.005389
 3.018836 2.000177 3.121498 1.005461
 
3.010282 2.000053 3.109767 1.005014
 3.010445 2.000055 3.110620 1.005085
 
3.001939 2.000002 3.098750 1.004699
 3.002130 2.000002 3.099641 1.004768
 
2.993684 2.000020 3.087637 1.004443
 2.993903 2.000019 3.088565 1.004509
 
2.985530 2.000105 3.076431 1.004245
 2.985778 2.000101 3.077395 1.004307
 
2.977490 2.000253 3.065136 1.004102
 2.977767 2.000247 3.066136 1.004159
 
2.969577 2.000463 3.053755 1.004012
 2.969882 2.000454 3.054790 1.004065
 
2.961800 2.000730 3.042294 1.003975
 2.962134 2.000717 3.043363 1.004022
 
2.954172 2.001051 3.030756 1.003988
 2.954535 2.001034 3.031859 1.004028
 
2.946702 2.001421 3.019147 1.004049
 2.947094 2.001400 3.020283 1.004082
 
2.939401 2.001838 3.007471 1.004157
 2.939822 2.001812 3.008639 1.004183
 
2.932278 2.002296 2.995733 1.004311
 2.932727 2.002265 2.996932 1.004329
 
2.925341 2.002791 2.983939 1.004509
 2.925818 2.002755 2.985169 1.004518
 
2.918599 2.003319 2.972094 1.004751
 2.919104 2.003277 2.973353 1.004750
 
2.912058 2.003874 2.960204 1.005034
 2.912591 2.003827 2.961492 1.005024
 
2.905727 2.004454 2.948273 1.005359
 2.906287 2.004401 2.949590 1.005339
 
2.899611 2.005052 2.936309 1.005725
 2.900198 2.004993 2.937653 1.005694
 
2.893716 2.005664 2.924318 1.006133
 2.894330 2.005599 2.925688 1.006091
 
2.888048 2.006286 2.912305 1.006581
 2.888688 2.006214 2.913701 1.006527
 
2.882611 2.006914 2.900277 1.007070
 2.883277 2.006835 2.901698 1.007005
 
2.877410 2.007543 2.888240 1.007601
 2.878101 2.007457 2.889686 1.007525
 
2.872448 2.008168 2.876202 1.008175
 2.873164 2.008076 2.877671 1.008086
 
2.867729 2.008786 2.864169 1.008793
 2.868468 2.008688 2.865661 1.008692
 
2.863254 2.009394 2.852149 1.009455
 2.864017 2.009289 2.853663 1.009342
 
2.859027 2.009987 2.840149 1.010165
 2.859812 2.009875 2.841683 1.010039
 
2.855047 2.010561 2.828176 1.010923
 2.855854 2.010444 2.829730 1.010785
 
2.851317 2.011115 2.816238 1.011731
 2.852145 2.010991 2.817812 1.011581
 
2.847836 2.011645 2.804343 1.012591
 2.848684 2.011515 2.805936 1.012429
 
2.844603 2.012148 2.792500 1.013506
 2.845470 2.012012 2.794111 1.013332
 
2.841617 2.012622 2.780717 1.014478
 2.842503 2.012480 2.782344 1.014292
 
2.838878 2.013066 2.769002 1.015510
 2.839781 2.012919 2.770645 1.015311
 
2.836381 2.013476 2.757365 1.016603
 2.837301 2.013324 2.759023 1.016393
 
2.834124 2.013853 2.745814 1.017760
 2.835060 2.013696 2.747487 1.017538
 
2.832103 2.014195 2.734360 1.018984
 2.833053 2.014034 2.736046 1.018750
 
2.830314 2.014502 2.723011 1.020276
 2.831277 2.014336 2.724710 1.020031
 
2.828750 2.014772 2.711777 1.021637
 2.829726 2.014603 2.713489 1.021382
 
2.827406 2.015007 2.700669 1.023071
 2.828394 2.014834 2.702393 1.022804
 
2.826276 2.015206 2.689698 1.024576
 2.827274 2.015030 2.691431 1.024300
 
2.825352 2.015369 2.678872 1.026155
 2.826358 2.015191 2.680615 1.025869
 
2.824625 2.015498 2.668202 1.027808
 2.825639 2.015318 2.669955 1.027511
 
2.824087 2.015594 2.657700 1.029534
 2.825108 2.015412 2.659461 1.029227
 
2.823730 2.015658 2.647376 1.031331
 2.824756 2.015475 2.649145 1.031015
 
2.823542 2.015692 2.637240 1.033199
 2.824572 2.015508 2.639015 1.032874
 
2.823514 2.015697 2.627303 1.035135
 2.824547 2.015512 2.629084 1.034801
 
2.823636 2.015675 2.617576 1.037136
 2.824670 2.015490 2.619362 1.036793
 
2.823896 2.015629 2.608067 1.039197
 2.824930 2.015444 2.609858 1.038846
 
2.824283 2.015559 2.598789 1.041315
 2.825316 2.015375 2.600583 1.040955
 
2.824786 2.015470 2.589749 1.043483
 2.825817 2.015287 2.591546 1.043115
 
2.825393 2.015362 2.580959 1.045696
 2.826421 2.015180 2.582757 1.045320
 
2.826094 2.015238 2.572425 1.047947
 2.827116 2.015058 2.574225 1.047563
 
2.826876 2.015100 2.564159 1.050227
 2.827893 2.014922 2.565959 1.049836
 
2.827729 2.014950 2.556166 1.052530
 2.828739 2.014774 2.557966 1.052131
 
2.828642 2.014791 2.548456 1.054845
 2.829643 2.014618 2.550254 1.054440
 
2.829604 2.014624 2.541036 1.057165
 2.830596 2.014453 2.542831 1.056752
 
2.830605 2.014452 2.533911 1.059479
 2.831587 2.014284 2.535704 1.059059
 
2.831636 2.014275 2.527089 1.061778
 2.832606 2.014110 2.528878 1.061351
 
2.832686 2.014096 2.520575 1.064051
 2.833644 2.013934 2.522359 1.063618
 
2.833748 2.013917 2.514374 1.066288
 2.834692 2.013758 2.516152 1.065849
 
2.834813 2.013738 2.508490 1.068479
 2.835742 2.013583 2.510262 1.068034
 
2.835872 2.013561 2.502929 1.070614
 2.836787 2.013409 2.504693 1.070163
 
2.836920 2.013387 2.497693 1.072683
 2.837818 2.013239 2.499448 1.072226
 
2.837948 2.013218 2.492786 1.074675
 2.838830 2.013073 2.494532 1.074213
 
2.838952 2.013053 2.488210 1.076581
 2.839816 2.012913 2.489946 1.076114
 
2.839925 2.012895 2.483969 1.078392
 2.840770 2.012759 2.485694 1.077921
 
2.840861 2.012744 2.480064 1.080100
 2.841688 2.012611 2.481777 1.079624
 
2.841758 2.012600 2.476496 1.081695
 2.842564 2.012471 2.478197 1.081215
 
2.842609 2.012464 2.473269 1.083169
 2.843395 2.012339 2.474956 1.082687
 
2.843412 2.012336 2.470382 1.084516
 2.844177 2.012215 2.472055 1.084031
 
2.844162 2.012217 2.467837 1.085730
 2.844906 2.012100 2.469495 1.085242
 
2.844858 2.012108 2.465635 1.086802
 2.845580 2.011995 2.467277 1.086313
 
2.845496 2.012008 2.463776 1.087730
 2.846196 2.011899 2.465402 1.087239
 
2.846075 2.011917 2.462261 1.088507
 2.846752 2.011812 2.463869 1.088015
 
2.846592 2.011837 2.461091 1.089130
 2.847246 2.011736 2.462680 1.088638
 
2.847046 2.011767 2.460264 1.089595
 2.847677 2.011669 2.461835 1.089104
 
2.847436 2.011706 2.459783 1.089901
 2.848042 2.011613 2.461334 1.089411
 
2.847760 2.011656 2.459645 1.090045
 2.848342 2.011567 2.461176 1.089557
 
2.848018 2.011617 2.459853 1.090027
 2.848576 2.011531 2.461363 1.089541
 
2.848210 2.011587 2.460405 1.089846
 2.848744 2.011505 2.461893 1.089363
 
2.848336 2.011568 2.461302 1.089502
 2.848844 2.011490 2.462767 1.089023
 
2.848395 2.011559 2.462543 1.088998
 2.848879 2.011485 2.463985 1.088524
 
2.848389 2.011560 2.464128 1.088335
 2.848847 2.011490 2.465546 1.087866
 
2.848318 2.011571 2.466056 1.087517
 2.848751 2.011504 2.467449 1.087054
 
2.848183 2.011591 2.468327 1.086546
 2.848590 2.011529 2.469695 1.086089
 
2.847985 2.011622 2.470940 1.085427
 2.848368 2.011563 2.472283 1.084978
 
2.847727 2.011661 2.473895 1.084165
 2.848084 2.011607 2.475211 1.083724
 
2.847411 2.011710 2.477191 1.082766
 2.847742 2.011659 2.478479 1.082334
 
2.847038 2.011768 2.480826 1.081237
 2.847345 2.011721 2.482086 1.080814
 
2.846612 2.011834 2.484799 1.079583
 2.846894 2.011790 2.486031 1.079171
 
2.846137 2.011908 2.489109 1.077814
 2.846393 2.011868 2.490312 1.077413
 
2.845615 2.011989 2.493754 1.075937
 2.845847 2.011953 2.494926 1.075548
 
2.845051 2.012077 2.498732 1.073961
 2.845259 2.012045 2.499873 1.073584
 
2.844450 2.012172 2.504040 1.071895
 2.844634 2.012143 2.505150 1.071531
 
2.843817 2.012272 2.509676 1.069749
 2.843978 2.012246 2.510754 1.069399
 
2.843158 2.012376 2.515636 1.067533
 2.843295 2.012355 2.516681 1.067197
 
2.842478 2.012484 2.521918 1.065256
 2.842593 2.012466 2.522929 1.064935
 
2.841786 2.012595 2.528516 1.062931
 2.841878 2.012580 2.529493 1.062625
 
2.841087 2.012707 2.535427 1.060566
 2.841158 2.012696 2.536369 1.060276
 
2.840390 2.012820 2.542646 1.058174
 2.840441 2.012812 2.543552 1.057900
 
2.839703 2.012931 2.550167 1.055764
 2.839734 2.012926 2.551036 1.055506
 
2.839036 2.013040 2.557985 1.053347
 2.839048 2.013038 2.558816 1.053106
 
2.838397 2.013144 2.566092 1.050933
 2.838391 2.013145 2.566884 1.050709
 
2.837797 2.013243 2.574481 1.048533
 2.837773 2.013247 2.575234 1.048325
 
2.837245 2.013333 2.583146 1.046155
 2.837204 2.013340 2.583859 1.045964
 
2.836753 2.013415 2.592078 1.043810
 2.836696 2.013424 2.592750 1.043635
 
2.836331 2.013485 2.601269 1.041504
 2.836259 2.013497 2.601899 1.041347
 
2.835990 2.013541 2.610709 1.039248
 2.835904 2.013556 2.611296 1.039106
 
2.835741 2.013583 2.620389 1.037046
 2.835642 2.013599 2.620932 1.036921
 
2.835596 2.013607 2.630299 1.034907
 2.835485 2.013625 2.630798 1.034798
 
2.835566 2.013612 2.640429 1.032836
 2.835444 2.013632 2.640883 1.032742
 
2.835663 2.013596 2.650769 1.030837
 2.835530 2.013618 2.651178 1.030758
 
2.835896 2.013557 2.661308 1.028915
 2.835754 2.013581 2.661670 1.028850
 
2.836277 2.013494 2.672035 1.027074
 2.836126 2.013519 2.672350 1.027021
 
2.836815 2.013404 2.682939 1.025314
 2.836656 2.013431 2.683206 1.025274
 
2.837522 2.013288 2.694009 1.023639
 2.837356 2.013315 2.694227 1.023611
 
2.838406 2.013143 2.705234 1.022050
 2.838233 2.013171 2.705403 1.022032
 
2.839475 2.012968 2.716603 1.020546
 2.839296 2.012997 2.716723 1.020538
 
2.840739 2.012764 2.728105 1.019127
 2.840555 2.012793 2.728175 1.019128
 
2.842204 2.012528 2.739729 1.017793
 2.842015 2.012558 2.739748 1.017801
 
2.843878 2.012262 2.751465 1.016541
 2.843685 2.012293 2.751433 1.016557
 
2.845766 2.011966 2.763301 1.015372
 2.845570 2.011996 2.763219 1.015393
 
2.847875 2.011639 2.775228 1.014281
 2.847676 2.011669 2.775095 1.014307
 
2.850209 2.011282 2.787236 1.013267
 2.850007 2.011313 2.787051 1.013297
 
2.852772 2.010897 2.799315 1.012327
 2.852568 2.010928 2.799078 1.012359
 
2.855568 2.010485 2.811454 1.011459
 2.855362 2.010515 2.811166 1.011493
 
2.858599 2.010048 2.823646 1.010659
 2.858391 2.010077 2.823306 1.010693
 
2.861867 2.009586 2.835880 1.009924
 2.861657 2.009616 2.835489 1.009958
 
2.865374 2.009104 2.848148 1.009252
 2.865163 2.009132 2.847706 1.009285
 
2.869120 2.008602 2.860442 1.008639
 2.868907 2.008630 2.859948 1.008670
 
2.873105 2.008084 2.872752 1.008084
 2.872891 2.008111 2.872208 1.008111
 
2.877328 2.007553 2.885072 1.007583
 2.877114 2.007579 2.884477 1.007606
 
2.881790 2.007011 2.897392 1.007133
 2.881574 2.007037 2.896747 1.007152
 
2.886486 2.006464 2.909706 1.006733
 2.886270 2.006488 2.909012 1.006747
 
2.891416 2.005913 2.922007 1.006381
 2.891199 2.005936 2.921262 1.006388
 
2.896577 2.005363 2.934285 1.006074
 2.896359 2.005385 2.933492 1.006075
 
2.901964 2.004817 2.946536 1.005811
 2.901745 2.004839 2.945694 1.005805
 
2.907574 2.004280 2.958751 1.005591
 2.907355 2.004301 2.957862 1.005577
 
2.913402 2.003757 2.970925 1.005412
 2.913182 2.003776 2.969988 1.005391
 
2.919444 2.003250 2.983051 1.005275
 2.919222 2.003268 2.982067 1.005245
 
2.925692 2.002765 2.995122 1.005178
 2.925470 2.002781 2.994092 1.005139
 
2.932143 2.002305 3.007132 1.005121
 2.931919 2.002320 3.006057 1.005072
 
2.938788 2.001875 3.019076 1.005104
 2.938562 2.001889 3.017956 1.005046
 
2.945620 2.001480 3.030947 1.005127
 2.945392 2.001492 3.029784 1.005059
 
2.952632 2.001123 3.042740 1.005191
 2.952402 2.001133 3.041534 1.005114
 
2.959815 2.000808 3.054450 1.005296
 2.959583 2.000817 3.053202 1.005209
 
2.967160 2.000539 3.066072 1.005443
 2.966926 2.000547 3.064783 1.005347
 
2.974659 2.000321 3.077599 1.005634
 2.974421 2.000327 3.076270 1.005527
 
2.982300 2.000157 3.089029 1.005868
 2.982059 2.000161 3.087661 1.005752
 
2.990075 2.000049 3.100355 1.006149
 2.989830 2.000052 3.098949 1.006023
 
2.997970 2.000002 3.111574 1.006476
 2.997721 2.000003 3.110131 1.006341
 
3.005976 2.000018 3.122681 1.006851
 3.005722 2.000016 3.121202 1.006707
 
3.014079 2.000099 3.133672 1.007276
 3.013820 2.000095 3.132158 1.007122
 
3.022268 2.000248 3.144544 1.007752
 3.022003 2.000242 3.142997 1.007589
 
3.030529 2.000466 3.155293 1.008280
 3.030257 2.000458 3.153714 1.008108
 
3.038849 2.000755 3.165916 1.008861
 3.038570 2.000744 3.164305 1.008680
 
3.047214 2.001115 3.176409 1.009496
 3.046927 2.001102 3.174769 1.009307
 
3.055609 2.001547 3.186770 1.010186
 3.055313 2.001531 3.185102 1.009989
 
3.064020 2.002051 3.196997 1.010932
 3.063715 2.002032 3.195302 1.010727
 
3.072432 2.002627 3.207087 1.011734
 3.072117 2.002604 3.205366 1.011521
 
3.080829 2.003272 3.217037 1.012592
 3.080504 2.003246 3.215293 1.012371
 
3.089198 2.003986 3.226846 1.013505
 3.088861 2.003956 3.225079 1.013277
 
3.097521 2.004767 3.236513 1.014473
 3.097173 2.004732 3.234725 1.014238
 
3.105784 2.005611 3.246035 1.015495
 3.105423 2.005573 3.244227 1.015253
 
3.113971 2.006516 3.255412 1.016569
 3.113596 2.006473 3.253586 1.016320
 
3.122067 2.007478 3.264642 1.017694
 3.121678 2.007430 3.262799 1.017438
 
3.130057 2.008493 3.273724 1.018867
 3.129653 2.008441 3.271866 1.018604
 
3.137925 2.009557 3.282657 1.020086
 3.137507 2.009499 3.280785 1.019817
 
3.145658 2.010665 3.291440 1.021348
 3.145224 2.010601 3.289556 1.021072
 
3.153241 2.011811 3.300073 1.022650
 3.152790 2.011741 3.298179 1.022367
 
3.160660 2.012990 3.308555 1.023987
 3.160193 2.012914 3.306652 1.023697
 
3.167903 2.014196 3.316886 1.025357
 3.167417 2.014114 3.314974 1.025060
 
3.174955 2.015424 3.325064 1.026754
 3.174452 2.015334 3.323146 1.026451
 
3.181805 2.016665 3.333089 1.028175
 3.181284 2.016569 3.331166 1.027865
 
3.188442 2.017916 3.340960 1.029615
 3.187902 2.017812 3.339034 1.029299
 
3.194854 2.019168 3.348677 1.031069
 3.194296 2.019057 3.346750 1.030746
 
3.201031 2.020415 3.356240 1.032533
 3.200454 2.020297 3.354311 1.032204
 
3.206963 2.021651 3.363646 1.034002
 3.206368 2.021525 3.361719 1.033666
 
3.212642 2.022870 3.370896 1.035471
 3.212027 2.022736 3.368971 1.035129
 
3.218058 2.024064 3.377988 1.036936
 3.217425 2.023923 3.376066 1.036587
 
3.223205 2.025228 3.384922 1.038391
 3.222553 2.025079 3.383005 1.038036
 
3.228075 2.026356 3.391696 1.039833
 3.227404 2.026199 3.389785 1.039471
 
3.232662 2.027442 3.398309 1.041257
 3.231972 2.027277 3.396405 1.040889
 
3.236960 2.028480 3.404759 1.042659
 3.236251 2.028308 3.402864 1.042286
 
3.240963 2.029466 3.411046 1.044036
 3.240237 2.029286 3.409159 1.043656
 
3.244669 2.030393 3.417167 1.045383
 3.243925 2.030206 3.415291 1.044998
 
3.248072 2.031258 3.423120 1.046699
 3.247311 2.031064 3.421256 1.046308
 
3.251170 2.032057 3.428904 1.047978
 3.250391 2.031855 3.427052 1.047583
 
3.253960 2.032785 3.434516 1.049221
 3.253165 2.032577 3.432678 1.048821
 
3.256440 2.033440 3.439954 1.050423
 3.255628 2.033225 3.438130 1.050019
 
3.258608 2.034018 3.445216 1.051583
 3.257781 2.033797 3.443407 1.051176
 
3.260464 2.034517 3.450298 1.052700
 3.259622 2.034290 3.448506 1.052290
 
3.262008 2.034934 3.455199 1.053773
 3.261152 2.034702 3.453424 1.053361
 
3.263239 2.035269 3.459914 1.054801
 3.262369 2.035032 3.458157 1.054386
 
3.264159 2.035521 3.464441 1.055783
 3.263276 2.035280 3.462703 1.055367
 
3.264770 2.035688 3.468777 1.056719
 3.263874 2.035443 3.467058 1.056302
 
3.265072 2.035771 3.472918 1.057610
 3.264166 2.035523 3.471219 1.057193
 
3.265070 2.035771 3.476859 1.058455
 3.264153 2.035519 3.475181 1.058039
 
3.264767 2.035687 3.480598 1.059257
 3.263840 2.035434 3.478941 1.058842
 
3.264165 2.035523 3.484130 1.060015
 3.263230 2.035267 3.482495 1.059602
 
3.263271 2.035278 3.487450 1.060730
 3.262328 2.035021 3.485838 1.060320
 
3.262090 2.034956 3.490554 1.061404
 3.261140 2.034699 3.488965 1.060997
 
3.260626 2.034560 3.493438 1.062039
 3.259671 2.034303 3.491873 1.061635
 
3.258888 2.034093 3.496097 1.062634
 3.257928 2.033836 3.494556 1.062236
 
3.256881 2.033557 3.498526 1.063192
 3.255919 2.033302 3.497009 1.062799
 
3.254614 2.032957 3.500720 1.063714
 3.253650 2.032704 3.499228 1.063327
 
3.252096 2.032298 3.502674 1.064201
 3.251131 2.032047 3.501207 1.063821
 
3.249335 2.031583 3.504383 1.064654
 3.248371 2.031335 3.502942 1.064281
 
3.246340 2.030817 3.505842 1.065074
 3.245379 2.030573 3.504426 1.064708
 
3.243123 2.030005 3.507045 1.065461
 3.242165 2.029765 3.505656 1.065103
 
3.239694 2.029151 3.507989 1.065815
 3.238740 2.028917 3.506626 1.065466
 
3.236063 2.028262 3.508667 1.066136
 3.235116 2.028033 3.507331 1.065796
 
3.232242 2.027342 3.509075 1.066424
 3.231303 2.027118 3.507767 1.066094
 
3.228243 2.026396 3.509209 1.066678
 3.227314 2.026178 3.507928 1.066358
 
3.224079 2.025429 3.509064 1.066897
 3.223160 2.025218 3.507811 1.066587
 
3.219760 2.024446 3.508636 1.067080
 3.218855 2.024243 3.507411 1.066780
 
3.215301 2.023452 3.507921 1.067223
 3.214409 2.023256 3.506724 1.066934
 
3.210713 2.022452 3.506915 1.067327
 3.209837 2.022264 3.505746 1.067048
 
3.206010 2.021450 3.505615 1.067387
 3.205150 2.021269 3.504475 1.067118
 
3.201202 2.020450 3.504018 1.067401
 3.200361 2.020278 3.502907 1.067143
 
3.196304 2.019457 3.502121 1.067367
 3.195482 2.019293 3.501040 1.067119
 
3.191326 2.018474 3.499922 1.067280
 3.190526 2.018318 3.498871 1.067043
 
3.186282 2.017504 3.497420 1.067139
 3.185505 2.017357 3.496398 1.066912
 
3.181183 2.016551 3.494611 1.066939
 3.180429 2.016412 3.493620 1.066722
 
3.176040 2.015617 3.491496 1.066677
 3.175311 2.015487 3.490536 1.066470
 
3.170864 2.014705 3.488074 1.066350
 3.170162 2.014584 3.487144 1.066152
 
3.165667 2.013818 3.484343 1.065955
 3.164992 2.013705 3.483445 1.065766
 
3.160458 2.012957 3.480304 1.065488
 3.159812 2.012852 3.479438 1.065309
 
3.155248 2.012124 3.475958 1.064947
 3.154631 2.012028 3.475123 1.064776
 
3.150045 2.011321 3.471303 1.064329
 3.149459 2.011232 3.470501 1.064167
 
3.144860 2.010548 3.466342 1.063632
 3.144305 2.010467 3.465572 1.063478
 
3.139700 2.009806 3.461075 1.062854
 3.139177 2.009733 3.460339 1.062708
 
3.134575 2.009097 3.455504 1.061994
 3.134085 2.009030 3.454801 1.061855
 
3.129491 2.008419 3.449631 1.061049
 3.129035 2.008360 3.448961 1.060918
 
3.124457 2.007775 3.443456 1.060020
 3.124035 2.007722 3.442821 1.059895
 
3.119479 2.007163 3.436983 1.058907
 3.119092 2.007117 3.436382 1.058788
 
3.114564 2.006584 3.430214 1.057708
 3.114212 2.006544 3.429647 1.057596
 
3.109718 2.006037 3.423150 1.056427
 3.109403 2.006002 3.422618 1.056320
 
3.104947 2.005522 3.415795 1.055063
 3.104669 2.005493 3.415298 1.054962
 
3.100258 2.005039 3.408152 1.053618
 3.100016 2.005014 3.407690 1.053523
 
3.095654 2.004585 3.400223 1.052095
 3.095449 2.004566 3.399797 1.052005
 
3.091141 2.004162 3.392012 1.050497
 3.090974 2.004147 3.391623 1.050412
 
3.086724 2.003768 3.383523 1.048828
 3.086594 2.003756 3.383169 1.048747
 
3.082406 2.003401 3.374758 1.047090
 3.082314 2.003394 3.374441 1.047014
 
3.078192 2.003062 3.365721 1.045290
 3.078138 2.003057 3.365441 1.045218
 
3.074085 2.002748 3.356418 1.043432
 3.074068 2.002747 3.356174 1.043363
 
3.070088 2.002459 3.346850 1.041521
 3.070109 2.002461 3.346643 1.041457
 
3.066204 2.002194 3.337024 1.039564
 3.066263 2.002198 3.336854 1.039504
 
3.062435 2.001951 3.326943 1.037568
 3.062532 2.001957 3.326811 1.037511
 
3.058784 2.001729 3.316613 1.035539
 3.058918 2.001737 3.316518 1.035485
 
3.055252 2.001528 3.306038 1.033485
 3.055423 2.001537 3.305980 1.033435
 
3.051840 2.001345 3.295223 1.031414
 3.052049 2.001355 3.295204 1.031368
 
3.048550 2.001179 3.284175 1.029335
 3.048795 2.001191 3.284194 1.029292
 
3.045381 2.001030 3.272900 1.027256
 3.045662 2.001043 3.272956 1.027217
 
3.042334 2.000897 3.261402 1.025187
 3.042651 2.000910 3.261497 1.025150
 
3.039408 2.000777 3.249690 1.023136
 3.039760 2.000791 3.249823 1.023103
 
3.036602 2.000670 3.237770 1.021113
 3.036988 2.000684 3.237941 1.021083
 
3.033915 2.000575 3.225650 1.019129
 3.034334 2.000590 3.225859 1.019102
 
3.031343 2.000491 3.213337 1.017192
 3.031795 2.000506 3.213584 1.017168
 
3.028885 2.000417 3.200839 1.015312
 3.029369 2.000431 3.201125 1.015292
 
3.026536 2.000352 3.188165 1.013501
 3.027051 2.000366 3.188490 1.013483
 
3.024293 2.000295 3.175325 1.011766
 3.024838 2.000309 3.175689 1.011752
 
3.022151 2.000245 3.162328 1.010119
 3.022725 2.000258 3.162730 1.010107
 
3.020105 2.000202 3.149184 1.008568
 3.020707 2.000214 3.149625 1.008559
 
3.018148 2.000165 3.135903 1.007122
 3.018777 2.000176 3.136384 1.007116
 
3.016275 2.000132 3.122497 1.005790
 3.016929 2.000143 3.123017 1.005787
 
3.014478 2.000105 3.108978 1.004580
 3.015155 2.000115 3.109536 1.004579
 
3.012749 2.000081 3.095356 1.003499
 3.013449 2.000090 3.095954 1.003500
 
3.011080 2.000061 3.081644 1.002554
 3.011801 2.000070 3.082281 1.002556
 
3.009463 2.000045 3.067856 1.001751
 3.010203 2.000052 3.068532 1.001755
 
3.007887 2.000031 3.054003 1.001095
 3.008645 2.000037 3.054719 1.001099
 
3.006345 2.000020 3.040100 1.000590
 3.007119 2.000025 3.040855 1.000595
 
3.004825 2.000012 3.026159 1.000239
 3.005614 2.000016 3.026954 1.000243
 
3.003317 2.000006 3.012195 1.000045
 3.004120 2.000008 3.013029 1.000048
 
3.001813 2.000002 2.998220 1.000008
 3.002627 2.000003 2.999094 1.000010
 
3.000301 2.000000 2.984250 1.000129
 3.001124 2.000001 2.985163 1.000128
 
2.998771 2.000001 2.970297 1.000406
 2.999603 2.000000 2.971249 1.000402
 
2.997214 2.000004 2.956376 1.000838
 2.998053 2.000002 2.957367 1.000830
 
2.995619 2.000010 2.942499 1.001421
 2.996463 2.000006 2.943529 1.001408
 
2.993977 2.000018 2.928681 1.002152
 2.994825 2.000013 2.929749 1.002133
 
2.992280 2.000030 2.914933 1.003026
 2.993130 2.000024 2.916040 1.002999
 
2.990518 2.000045 2.901270 1.004035
 2.991368 2.000037 2.902414 1.004002
 
2.988682 2.000064 2.887702 1.005176
 2.989533 2.000055 2.888883 1.005133
 
2.986767 2.000088 2.874243 1.006439
 2.987615 2.000077 2.875461 1.006386
 
2.984764 2.000116 2.860903 1.007816
 2.985609 2.000104 2.862157 1.007753
 
2.982667 2.000150 2.847694 1.009301
 2.983508 2.000136 2.848984 1.009226
 
2.980470 2.000191 2.834626 1.010883
 2.981306 2.000175 2.835951 1.010795
 
2.978168 2.000238 2.821709 1.012554
 2.978997 2.000221 2.823069 1.012452
 
2.975756 2.000294 2.808954 1.014304
 2.976579 2.000274 2.810347 1.014188
 
2.973231 2.000358 2.796368 1.016123
 2.974045 2.000337 2.797795 1.015992
 
2.970589 2.000433 2.783962 1.018002
 2.971394 2.000409 2.785421 1.017854
 
2.967827 2.000518 2.771744 1.019930
 2.968622 2.000492 2.773233 1.019767
 
2.964944 2.000615 2.759720 1.021900
 2.965728 2.000587 2.761240 1.021718
 
2.961937 2.000725 2.747899 1.023899
 2.962711 2.000695 2.749449 1.023700
 
2.958807 2.000849 2.736288 1.025920
 2.959568 2.000818 2.737866 1.025703
 
2.955552 2.000988 2.724894 1.027953
 2.956300 2.000955 2.726500 1.027718
 
2.952172 2.001144 2.713722 1.029989
 2.952907 2.001109 2.715355 1.029735
 
2.948668 2.001318 2.702780 1.032020
 2.949389 2.001282 2.704438 1.031746
 
2.945041 2.001511 2.692072 1.034037
 2.945748 2.001473 2.693755 1.033744
 
2.941292 2.001725 2.681604 1.036032
 2.941985 2.001684 2.683310 1.035720
 
2.937423 2.001960 2.671381 1.037998
 2.938101 2.001918 2.673110 1.037667
 
2.933437 2.002218 2.661409 1.039929
 2.934099 2.002174 2.663160 1.039577
 
2.929335 2.002500 2.651691 1.041816
 2.929982 2.002454 2.653462 1.041446
 
2.925122 2.002807 2.642232 1.043655
 2.925753 2.002760 2.644024 1.043266
 
2.920799 2.003141 2.633037 1.045439
 2.921414 2.003093 2.634847 1.045032
 
2.916372 2.003503 2.624110 1.047165
 2.916970 2.003453 2.625937 1.046740
 
2.911843 2.003893 2.615454 1.048826
 2.912425 2.003842 2.617298 1.048384
 
2.907217 2.004314 2.607073 1.050420
 2.907782 2.004261 2.608932 1.049961
 
2.902499 2.004765 2.598971 1.051942
 2.903048 2.004711 2.600844 1.051468
 
2.897694 2.005247 2.591151 1.053390
 2.898226 2.005192 2.593037 1.052901
 
2.892807 2.005762 2.583615 1.054762
 2.893323 2.005706 2.585514 1.054258
 
2.887844 2.006309 2.576368 1.056056
 2.888344 2.006253 2.578278 1.055538
 
2.882812 2.006890 2.569411 1.057269
 2.883295 2.006833 2.571331 1.056739
 
2.877715 2.007505 2.562747 1.058403
 2.878183 2.007447 2.564676 1.057861
 
2.872562 2.008153 2.556379 1.059455
 2.873014 2.008096 2.558316 1.058904
 
2.867360 2.008836 2.550309 1.060427
 2.867796 2.008777 2.552253 1.059866
 
2.862115 2.009552 2.544539 1.061319
 2.862537 2.009493 2.546488 1.060750
 
2.856837 2.010301 2.539070 1.062132
 2.857244 2.010242 2.541023 1.061557
 
2.851534 2.011083 2.533903 1.062868
 2.851927 2.011024 2.535860 1.062287
 
2.846214 2.011896 2.529041 1.063528
 2.846594 2.011837 2.530999 1.062943
 
2.840886 2.012740 2.524483 1.064115
 2.841254 2.012681 2.526442 1.063526
 
2.835562 2.013613 2.520231 1.064631
 2.835917 2.013553 2.522189 1.064040
 
2.830249 2.014513 2.516284 1.065079
 2.830594 2.014454 2.518241 1.064488
 
2.824960 2.015439 2.512642 1.065461
 2.825294 2.015379 2.514596 1.064871
 
2.819705 2.016387 2.509306 1.065781
 2.820030 2.016328 2.511255 1.065193
 
2.814495 2.017357 2.506273 1.066042
 2.814812 2.017297 2.508217 1.065457
 
2.809342 2.018343 2.503544 1.066247
 2.809651 2.018283 2.505480 1.065666
 
2.804258 2.019345 2.501116 1.066399
 2.804561 2.019284 2.503044 1.065823
 
2.799255 2.020357 2.498988 1.066501
 2.799552 2.020296 2.500905 1.065932
 
2.794344 2.021376 2.497157 1.066556
 2.794637 2.021314 2.499063 1.065994
 
2.789540 2.022398 2.495621 1.066567
 2.789829 2.022335 2.497514 1.066013
 
2.784853 2.023418 2.494377 1.066536
 2.785141 2.023355 2.496255 1.065991
 
2.780297 2.024433 2.493422 1.066465
 2.780585 2.024368 2.495283 1.065931
 
2.775885 2.025437 2.492751 1.066357
 2.776173 2.025371 2.494595 1.065833
 
2.771629 2.026426 2.492362 1.066212
 2.771918 2.026358 2.494186 1.065699
 
2.767541 2.027394 2.492249 1.066033
 2.767832 2.027324 2.494053 1.065532
 
2.763633 2.028336 2.492410 1.065820
 2.763928 2.028264 2.494191 1.065330
 
2.759917 2.029248 2.492839 1.065573
 2.760217 2.029174 2.494596 1.065096
 
2.756405 2.030123 2.493531 1.065293
 2.756710 2.030046 2.495262 1.064829
 
2.753107 2.030957 2.494482 1.064979
 2.753419 2.030878 2.496186 1.064528
 
2.750035 2.031745 2.495687 1.064632
 2.750354 2.031663 2.497363 1.064194
 
2.747198 2.032482 2.497142 1.064251
 2.747524 2.032397 2.498787 1.063826
 
2.744605 2.033163 2.498840 1.063834
 2.744940 2.033075 2.500455 1.063422
 
2.742266 2.033784 2.500778 1.063380
 2.742611 2.033692 2.502359 1.062981
 
2.740189 2.034340 2.502950 1.062889
 2.740544 2.034245 2.504498 1.062503
 
2.738382 2.034829 2.505351 1.062359
 2.738747 2.034730 2.506864 1.061986
 
2.736852 2.035245 2.507978 1.061789
 2.737227 2.035142 2.509454 1.061428
 
2.735604 2.035586 2.510825 1.061176
 2.735992 2.035480 2.512263 1.060828
 
2.734646 2.035849 2.513888 1.060520
 2.735045 2.035739 2.515288 1.060185
 
2.733983 2.036032 2.517162 1.059820
 2.734393 2.035919 2.518522 1.059497
 
2.733618 2.036133 2.520644 1.059075
 2.734040 2.036016 2.521964 1.058763
 
2.733556 2.036150 2.524330 1.058282
 2.733989 2.036030 2.525608 1.057982
 
2.733799 2.036082 2.528216 1.057443
 2.734245 2.035959 2.529451 1.057154
 
2.734352 2.035930 2.532298 1.056556
 2.734809 2.035804 2.533489 1.056279
 
2.735215 2.035693 2.536572 1.055621
 2.735684 2.035564 2.537720 1.055355
 
2.736390 2.035371 2.541037 1.054638
 2.736870 2.035240 2.542139 1.054383
 
2.737879 2.034965 2.545688 1.053608
 2.738370 2.034832 2.546745 1.053364
 
2.739680 2.034478 2.550522 1.052531
 2.740182 2.034342 2.551533 1.052298
 
2.741795 2.033910 2.555538 1.051409
 2.742307 2.033773 2.556503 1.051186
 
2.744222 2.033264 2.560733 1.050243
 2.744744 2.033127 2.561650 1.050031
 
2.746960 2.032544 2.566104 1.049035
 2.747491 2.032406 2.566974 1.048834
 
2.750006 2.031753 2.571649 1.047787
 2.750545 2.031614 2.572471 1.047596
 
2.753358 2.030893 2.577367 1.046502
 2.753905 2.030754 2.578141 1.046322
 
2.757012 2.029971 2.583255 1.045182
 2.757567 2.029832 2.583980 1.045013
 
2.760966 2.028989 2.589312 1.043832
 2.761527 2.028851 2.589988 1.043673
 
2.765213 2.027953 2.595536 1.042453
 2.765780 2.027816 2.596164 1.042306
 
2.769750 2.026868 2.601926 1.041052
 2.770322 2.026733 2.602505 1.040915
 
2.774570 2.025741 2.608481 1.039630
 2.775146 2.025608 2.609011 1.039504
 
2.779667 2.024575 2.615200 1.038193
 2.780245 2.024445 2.615681 1.038078
 
2.785034 2.023378 2.622081 1.036745
 2.785614 2.023251 2.622514 1.036641
 
2.790663 2.022156 2.629125 1.035290
 2.791243 2.022032 2.629508 1.035198
 
2.796545 2.020916 2.636329 1.033834
 2.797125 2.020795 2.636664 1.033753
 
2.802672 2.019662 2.643694 1.032380
 2.803250 2.019546 2.643981 1.032311
 
2.809034 2.018403 2.651218 1.030935
 2.809609 2.018292 2.651457 1.030877
 
2.815621 2.017145 2.658902 1.029502
 2.816190 2.017038 2.659094 1.029455
 
2.822420 2.015894 2.666745 1.028085
 2.822983 2.015792 2.666889 1.028050
 
2.829422 2.014656 2.674746 1.026691
 2.829977 2.014560 2.674843 1.026666
 
2.836612 2.013438 2.682905 1.025322
 2.837158 2.013348 2.682955 1.025309
 
2.843980 2.012246 2.691221 1.023983
 2.844515 2.012162 2.691225 1.023980
 
2.851510 2.011086 2.699694 1.022677
 2.852033 2.011008 2.699653 1.022686
 
2.859190 2.009963 2.708324 1.021409
 2.859698 2.009891 2.708238 1.021428
 
2.867006 2.008883 2.717109 1.020182
 2.867498 2.008817 2.716978 1.020210
 
2.874942 2.007851 2.726049 1.018997
 2.875416 2.007791 2.725875 1.019035
 
2.882984 2.006870 2.735144 1.017859
 2.883439 2.006816 2.734926 1.017906
 
2.891116 2.005945 2.744392 1.016768
 2.891551 2.005898 2.744131 1.016824
 
2.899324 2.005081 2.753791 1.015727
 2.899736 2.005039 2.753489 1.015791
 
2.907593 2.004279 2.763342 1.014738
 2.907980 2.004243 2.762998 1.014809
 
2.915906 2.003542 2.773042 1.013800
 2.916268 2.003512 2.772657 1.013877
 
2.924248 2.002873 2.782890 1.012915
 2.924583 2.002848 2.782465 1.012998
 
2.932605 2.002274 2.792884 1.012083
 2.932911 2.002253 2.792420 1.012171
 
2.940961 2.001744 2.803021 1.011304
 2.941236 2.001728 2.802518 1.011396
 
