1000.000000
1000.000000
1000.000000
1000.000000
1000.000000
1000.000000
1000.000000
1000.000000
1000.000000
1000.000000
1000.000000
1000.000000
1000.000000
1000.000000
1000.000000
1000.000000
1000.000000
1000.000000
1000.000000
1000.000000
1000.003422
1000.021535
1000.054887
1000.104200
1000.170387
1000.254569
1000.358098
1000.482571
1000.629861
1000.802131
1001.001854
1001.231818
1001.495116
1001.795102
1002.135293
1002.519178
1002.949880
1003.429572
1003.958496
1004.533342
1005.144581
1005.772113
1006.378185
1006.895919
1007.210878
1007.131869
1006.346095
1004.354044
1000.386567
993.331420
981.761835
964.284308
940.535447
912.912064
887.943630
874.555785
877.813073
893.697015
912.614810
927.703599
938.262863
947.250839
957.322380
968.789146
980.232310
990.136769
997.792563
1003.245409
1006.910274
1009.269564
1010.733578
1011.605597
1012.091316
1012.319115
1012.357314
1012.224047
1011.888746
1011.264936
1010.194066
1008.421236
1005.568668
1001.126841
994.512831
985.285237
973.593526
960.711546
948.998983
940.579279
935.567936
932.269875
929.827329
930.139452
936.065987
947.722180
961.763779
974.227716
982.913341
987.493787
988.645512
987.398231
984.887049
982.268628
980.585559
980.534237
982.269785
985.418324
989.310724
993.276710
996.832530
999.719108
1001.845708
1003.208344
1003.822223
1003.679566
1002.732431
1000.900885
998.113076
994.386598
989.948257
985.347381
981.456061
979.242067
979.347647
981.743756
985.752190
990.416476
994.914083
998.760189
1001.792034
1004.052817
1005.675261
1006.802126
1007.540217
1007.931048
1007.919825
1007.303892
1005.638738
1002.078446
995.158324
982.695475
962.520126
935.525307
910.626532
902.581655
916.095353
938.938266
956.908530
964.634417
963.365548
957.146933
951.215825
950.295722
956.105357
966.615728
978.227643
988.295061
995.845576
1001.012738
1004.336896
1006.373217
1007.555700
1008.183238
1008.444490
1008.446696
1008.237852
1007.821144
1007.163342
1006.199728
1004.839032
1002.973073
1000.497944
997.355111
993.597477
989.470823
985.470257
982.299910
980.680803
981.057103
983.379226
987.129706
991.569263
996.016403
999.999540
1003.254669
1005.626208
1006.924940
1006.754109
1004.281982
997.963773
985.428738
964.441722
936.743738
913.565559
910.912520
930.771888
958.248043
980.125557
993.087764
998.954390
1000.197538
998.611754
995.368906
991.318987
987.190160
983.627156
981.107878
979.841346
979.755600
980.601379
982.094354
983.999654
986.134539
988.338948
990.471887
992.446361
994.269781
996.047348
997.931535
1000.038707
1002.377748
1004.828560
1007.175104
1009.164899
1010.559391
1011.155935
1010.784401
1009.295398
1006.560415
1002.500336
997.144326
990.687370
983.465990
975.763983
967.505390
958.207776
947.742434
937.836669
932.587284
935.705160
946.401400
959.487476
969.569000
973.928805
972.505293
966.981073
960.096347
954.848868
953.325445
955.852291
961.224053
967.655277
973.555772
977.840561
980.018255
980.246974
979.325034
978.475327
978.857259
981.007360
984.609383
988.774052
992.558969
995.335740
996.870365
997.226162
996.632317
995.387483
993.805132
992.183778
990.785934
989.818347
989.414181
989.622524
990.410433
991.678748
993.287761
995.085523
996.931904
998.714153
1000.353197
1001.802673
1003.043514
1004.076857
1004.917173
1005.586523
1006.110280
1006.514208
1006.822690
1007.057779
1007.238808
1007.382332
1007.502282
1007.610232
1007.715671
1007.826254
1007.948059
1008.085756
1008.242734
1008.421137
1008.621834
1008.844319
1009.086492
1009.344314
1009.611349
1009.878174
1010.131563
1010.353548
1010.520372
1010.601341
1010.557780
1010.342290
1009.898543
1009.161721
1008.059196
1006.509646
1004.416401
1001.647925
997.997758
993.126376
986.524020
977.614595
966.221695
953.528884
942.921432
938.958389
943.878989
955.229473
967.916603
977.854124
983.327520
984.372376
981.972751
977.739770
973.753434
972.063698
973.818142
978.685515
985.189042
991.633113
996.812959
1000.171030
1001.619615
1001.327261
999.597958
996.836345
993.538430
990.243630
987.419214
985.317539
983.904385
982.933321
982.132138
981.367681
980.656112
979.990341
979.098599
977.333514
973.856325
968.155573
960.752712
953.607010
949.432860
949.852120
954.040127
959.503771
964.063472
966.993255
968.803522
970.423217
972.521869
975.279274
978.535392
982.050726
985.655076
989.249394
992.748624
996.048214
999.034212
1001.613491
1003.736743
1005.403391
1006.652022
1007.544938
1008.153532
1008.547571
1008.788808
1008.928051
1009.004621
1009.047107
1009.074859
1009.099866
1009.128501
1009.163169
1009.203758
1009.248816
1009.296424
1009.344772
1009.392494
1009.438656
1009.482181
1009.520664
1009.548133
1009.550905
1009.500171
1009.338775
1008.957601
1008.153801
1006.559027
1003.524408
997.968090
988.288418
972.748724
951.244228
928.790260
916.451790
922.575565
942.767737
965.392835
982.947205
994.069091
1000.075218
1002.452874
1002.046380
998.966389
992.686919
982.316005
967.395185
949.618488
934.529714
929.646130
937.905712
954.442889
971.781191
985.535305
994.911694
1000.783726
1004.288888
1006.324319
1007.488572
1008.152094
1008.535801
1008.768817
1008.925555
1009.048276
1009.160438
1009.274412
1009.395825
1009.525941
1009.662844
1009.801819
1009.935242
1010.052056
1010.136927
1010.169051
1010.120623
1009.954947
1009.624179
1009.066834
1008.205381
1006.944484
1005.171232
1002.759495
999.581557
995.531643
990.566500
984.766611
978.414405
972.067174
966.569590
962.924809
961.984646
964.069134
968.770717
975.117884
981.985314
988.465376
994.024505
998.467771
1001.822506
1004.226128
1005.850143
1006.859438
1007.395542
1007.573193
1007.483037
1007.196552
1006.771059
1006.254030
1005.686338
1005.104280
1004.540406
1004.023268
1003.576426
1003.217068
1002.954761
1002.790787
1002.718415
1002.724242
1002.790460
1002.897677
1003.027817
1003.166522
1003.304427
1003.436644
1003.559505
1003.663027
1003.716268
1003.640109
1003.256663
1002.195036
999.718680
994.434986
983.934667
964.886342
935.487773
902.654088
886.182907
900.196507
932.841681
963.663405
984.415464
996.394589
1002.869766
1006.208537
1007.644021
1007.604144
1005.993779
1002.391131
996.262828
987.315640
975.964154
963.499150
951.271940
939.200754
925.859842
911.641436
901.247090
899.430467
904.282873
910.037451
915.602146
925.163493
941.056500
960.132687
977.460477
990.371724
998.746207
1003.603231
1006.075473
1007.042245
1007.100883
1006.638253
1005.906610
1005.078774
1004.281892
1003.614406
1003.151353
1002.943059
1003.011786
1003.350214
1003.924045
1004.678768
1005.548870
1006.466627
1007.367473
1008.189310
1008.862697
1009.286667
1009.279829
1008.486692
1006.204584
1001.089541
990.776390
971.898133
942.357928
908.482941
890.091022
902.660268
935.065727
965.983756
986.339377
997.267211
1002.197659
1003.770797
1003.581978
1002.545189
1001.203197
999.903597
998.879599
998.278134
998.166507
998.538069
999.326723
1000.430203
1001.735746
1003.140993
1004.566050
1005.956727
1007.281549
1008.525664
1009.683753
1010.752946
1011.725344
1012.578553
1013.261865
1013.674218
1013.628145
1012.791757
1010.600305
1006.138571
998.039291
984.570454
964.316074
937.860810
909.559411
886.047650
870.875021
862.906738
861.804326
871.146648
893.316213
923.671294
953.420271
976.574361
991.927107
1000.889658
1005.375386
1006.925069
1006.578349
1004.991720
1002.587886
999.676921
996.539643
993.471375
990.783068
988.762155
987.610692
987.393410
988.026581
989.315328
991.018960
992.912858
994.825844
996.650130
998.332134
999.853820
1001.210220
1002.384588
1003.320323
1003.888401
1003.849311
1002.810679
1000.191028
995.227556
987.125304
975.515471
961.302581
947.378218
937.806398
935.029302
937.967461
943.752529
950.687285
958.782581
968.218957
978.209901
987.270824
994.031865
997.637383
997.655460
993.873670
986.262151
975.164071
961.599530
947.521559
935.996496
931.026546
935.852553
949.965692
968.630847
986.344278
999.975295
1008.925184
1013.812347
1015.400757
1014.109501
1009.856079
1002.014744
989.426145
970.562025
944.172003
910.914537
875.832041
848.983498
840.235558
851.490242
876.117268
905.234711
932.360371
954.100978
969.200348
977.535469
979.562710
976.337831
969.969191
963.849178
961.631546
965.035959
972.676066
981.431405
988.694291
993.356255
995.519694
995.888432
995.338105
994.680775
994.523383
995.181265
996.665774
998.758324
1001.137218
1003.497192
1005.619616
1007.388551
1008.772199
1009.792577
1010.497686
1010.941267
1011.170143
1011.216745
1011.094215
1010.792175
1010.271740
1009.459186
1008.238739
1006.447257
1003.877922
1000.307753
995.572917
989.715914
983.192044
977.019288
972.636531
971.318547
973.433255
978.180503
984.073278
989.692005
994.130380
997.019654
998.352230
998.311458
997.182196
995.329137
993.198151
991.291682
990.084931
989.888837
990.711975
992.182251
993.534521
993.590712
990.625146
982.067044
964.229835
932.960190
887.497636
839.215307
814.877940
833.384672
880.518767
928.010485
961.266613
979.441984
986.119663
984.769237
978.281894
969.864296
963.478759
962.641558
968.264555
978.147498
988.935484
998.233628
1005.152272
1009.777475
1012.542420
1013.866184
1014.015402
1013.073471
1010.948502
1007.402256
1002.120697
994.874230
985.807028
975.778988
966.431210
959.545919
955.886205
954.667988
954.472359
954.690251
955.875274
958.616708
962.212495
964.647939
963.947376
959.835424
954.700089
952.829372
957.474820
968.111630
981.135953
992.867309
1001.310083
1005.906490
1006.631623
1003.354580
995.618750
982.797294
964.651700
942.290637
919.219055
901.615400
896.289273
905.774407
925.229156
946.338851
963.485112
975.373248
983.141408
988.416553
992.427293
995.855230
998.983694
1001.889191
1004.573650
1007.024892
1009.229827
1011.167182
1012.794859
1014.035739
1014.759500
1014.756630
1013.703706
1011.129065
1006.414424
998.924008
988.422527
975.878630
964.202263
957.548448
958.460372
965.381860
973.672167
978.540119
976.410541
964.623415
942.065126
913.164939
891.852914
892.466836
912.285963
935.946656
953.518024
964.292553
971.151972
976.652198
982.005996
987.360315
992.372480
996.655239
999.983857
1002.329150
1003.814225
1004.655978
1005.112256
1005.435892
1005.834413
1006.439130
1007.290013
1008.339327
1009.469645
1010.515581
1011.277490
1011.519626
1010.952011
1009.203270
1005.803848
1000.220490
992.011153
981.166730
968.571271
956.191779
946.481491
941.241634
941.130931
946.108076
955.549114
967.792135
980.384383
991.175523
999.072709
1003.957792
1006.220407
1006.372851
1004.871399
1002.090699
998.378830
994.142462
989.917346
986.368924
984.175512
983.811655
985.349703
988.425705
992.403806
996.623911
1000.585408
1004.007072
1006.794157
1008.971004
1010.619118
1011.834793
1012.705625
1013.300157
1013.665085
1013.826589
1013.793806
1013.563803
1013.128064
1012.480682
1011.627913
1010.597172
1009.441488
1008.232727
1007.035589
1005.857089
1004.573181
1002.843392
1000.031706
995.162827
986.981585
974.282601
956.786934
936.582716
918.889960
909.794331
911.638615
921.492468
934.416697
946.763464
956.811904
964.047576
968.486241
970.355032
969.964507
967.578672
963.229378
956.555230
946.802129
933.130704
915.361562
895.094397
876.493596
865.390095
866.266949
879.230352
899.955646
922.754649
943.648587
961.121309
975.205859
986.450246
995.394888
1002.450670
1007.928954
1012.081084
1015.105302
1017.118863
1018.092308
1017.724051
1015.210300
1008.871564
995.787071
972.449677
939.278287
909.435927
905.092049
929.739243
962.857263
987.858437
1002.196561
1009.151756
1012.004299
1012.807959
1012.668762
1012.147847
1011.522916
1010.929379
1010.431192
1010.054891
1009.805163
1009.671498
1009.630482
1009.646062
1009.668741
1009.634032
1009.460569
1009.048476
1008.279581
1007.022739
1005.149524
1002.566652
999.268051
995.395505
991.268695
987.317738
983.866315
980.807893
977.339710
971.937880
962.651316
947.742212
926.835621
902.795969
883.487740
879.533495
895.412814
923.808352
952.914286
975.757578
991.189731
1000.725315
1006.263409
1009.296305
1010.828948
1011.494607
1011.679991
1011.617241
1011.443719
1011.239016
1011.047350
1010.890789
1010.776873
1010.702741
1010.657010
1010.620044
1010.562988
1010.445848
1010.214785
1009.798761
1009.106041
1008.021512
1006.406468
1004.103377
1000.948891
996.797764
991.557030
985.222970
977.904987
969.817016
961.223850
952.347456
943.281349
934.069702
925.207588
918.472210
916.916627
922.681129
934.204480
946.447985
953.855879
952.703365
942.367555
927.156181
916.587305
918.574954
930.705692
943.459752
950.482689
952.269092
953.384688
958.150220
967.570436
979.441420
990.800970
999.813333
1005.959883
1009.413716
1010.469917
1009.256187
1005.662829
999.450540
990.590634
979.890798
969.630359
963.289601
963.635273
970.526789
981.040417
991.741518
1000.449097
1006.335699
1009.163601
1008.463493
1002.796142
989.048904
962.570076
921.765420
880.853499
870.572395
899.199639
939.109666
967.929235
983.173925
989.455247
990.707087
989.047368
985.455875
980.561235
975.228132
970.776549
968.620419
969.435019
972.530439
976.068737
977.935033
976.607018
971.781196
964.876384
959.085446
958.067342
963.466501
973.668314
985.316009
995.652817
1003.443192
1008.568195
1011.333822
1012.001191
1010.539326
1006.484352
998.879940
986.497175
968.884255
948.725872
933.690947
932.485350
945.992064
966.197215
984.724833
998.112483
1006.565439
1011.450681
1014.046102
1015.244469
1015.601784
1015.445332
1014.960970
1014.250799
1013.368683
1012.341475
1011.180972
1009.889122
1008.457098
1006.857779
1005.030587
1002.857602
1000.130224
996.506692
991.466564
984.288510
974.134483
960.428983
943.763573
927.075765
915.513706
913.280135
919.919711
931.058448
942.487664
952.372247
960.600883
967.479489
973.060440
977.083197
979.151366
978.911446
976.186340
971.101027
964.210949
956.541371
949.354341
943.559993
939.073299
934.749126
929.305630
922.922304
918.296400
919.408623
928.097386
942.181651
957.550714
971.202736
982.108193
990.435625
996.684029
1001.270302
1004.446910
1006.337974
1006.978810
1006.325687
1004.239880
1000.462133
994.602164
986.184854
974.821233
960.580150
944.554586
929.356151
918.906550
916.923145
924.604429
939.553692
957.302432
973.906903
987.278256
996.919344
1003.089509
1006.119448
1005.992747
1002.084611
993.044917
977.196238
954.462593
930.342329
917.132709
923.984763
945.682627
969.435573
987.550835
999.052982
1005.676960
1009.286926
1011.183411
1012.148030
1012.620471
1012.839250
1012.928490
1012.944680
1012.896886
1012.747113
1012.390457
1011.607126
1009.968077
1006.666088
1000.255796
988.416591
968.383171
939.818638
911.070787
899.764901
914.926566
944.308507
971.105533
988.910565
998.840190
1003.650787
1005.467014
1005.567228
1004.657707
1003.132643
1001.245666
999.211254
997.255145
995.621595
994.543005
994.186529
994.604686
995.718464
997.344267
999.250974
1001.219435
1003.082193
1004.736920
1006.139879
1007.289907
1008.211284
1008.939855
1009.513553
1009.966693
1010.326983
1010.614187
1010.839537
1011.005447
1011.105175
1011.122172
1011.029061
1010.786211
1010.339975
1009.620932
1008.542866
1007.004090
1004.894228
1002.111733
998.599130
994.400971
989.737756
985.061979
981.030963
978.336781
977.421888
978.237242
980.216086
982.473742
984.068335
984.158554
982.034561
977.118422
969.048656
957.858015
944.026363
928.107621
910.377245
892.232560
879.358660
880.313649
897.064870
921.201869
942.926512
958.100293
967.058936
971.518157
973.093080
973.047327
972.427164
972.179798
973.118621
975.732465
979.971999
985.208322
990.430767
994.548946
996.623237
995.987983
992.377816
986.180409
978.750342
972.352675
969.200391
969.906425
972.799883
974.923624
973.746947
968.443326
960.580649
953.968473
952.731259
958.234312
968.086718
978.442479
986.613148
991.694015
993.873845
993.681345
991.604819
988.027341
983.350359
978.198126
973.553027
970.618452
970.329492
972.793146
977.148541
981.981933
985.895521
987.788467
986.773769
981.935132
972.242572
957.116970
938.199377
921.497868
915.684601
924.400506
942.006344
959.731573
972.550375
979.672847
982.274787
981.990793
980.421095
978.989032
978.763818
980.243545
983.287090
987.302645
991.579007
995.553453
998.913573
1001.567122
1003.561212
1005.007432
1006.032492
1006.752497
1007.262650
1007.634983
1007.919046
1008.142507
1008.309496
1008.394333
1008.327152
1007.965059
1007.038075
1005.052704
1001.134648
993.827511
981.041270
960.874993
934.694783
911.700535
906.119292
922.065602
948.068699
971.352179
987.334115
996.935973
1002.317026
1005.166028
1006.485094
1006.770631
1006.206208
1004.800283
1002.487098
999.221435
995.088990
990.426440
985.894263
982.397643
980.788890
981.461887
984.121528
987.921177
991.848708
995.073900
997.097879
997.744814
997.106365
995.504215
993.464052
991.648833
990.707869
991.069441
992.787231
995.548074
998.836328
1002.140736
1005.090325
1007.486645
1009.266218
1010.440431
1011.042154
1011.088165
1010.556351
1009.374879
1007.424155
1004.559325
1000.668690
995.784534
990.240231
984.801364
980.612039
978.819057
979.997437
983.807741
989.201679
994.982558
1000.264766
1004.609748
1007.928755
1010.323845
1011.964439
1013.018820
1013.626351
1013.892272
1013.892749
1013.683546
1013.309333
1012.812233
1012.238740
1011.643968
1011.091972
1010.650924
1010.382405
1010.325488
1010.476941
1010.768240
1011.037515
1010.988902
1010.126558
1007.652513
1002.351598
992.618822
977.113120
956.826887
938.011224
930.871718
940.248602
959.760715
979.285475
993.372588
1001.437797
1004.772948
1004.748227
1002.358444
998.338965
993.417970
988.513397
984.734845
983.109616
984.153256
987.614748
992.633815
998.179444
1003.433418
1007.931094
1011.505416
1014.161902
1015.969457
1016.992217
1017.256734
1016.742070
1015.382918
1013.077719
1009.689995
1005.020092
998.711060
990.056920
977.747943
959.775220
934.055788
900.601751
865.169585
840.771748
840.556679
864.932495
900.421485
933.048848
957.102257
973.180113
983.855209
991.416249
997.296155
1002.174486
1006.250603
1009.495783
1011.817880
1013.135789
1013.393239
1012.547150
1010.557719
1007.398612
1003.100689
997.835800
992.025314
986.411770
981.985060
979.688143
980.002999
982.701317
986.969100
991.797539
996.344124
1000.084384
1002.780277
1004.373742
1004.882987
1004.326675
1002.671627
999.792389
995.434657
989.186148
980.490937
968.829064
954.315402
938.859791
926.956182
923.724135
930.274431
942.105514
953.253256
960.581639
964.241335
966.018072
967.796045
970.755266
975.207281
980.824877
986.986275
993.031685
998.371991
1002.481154
1004.821097
1004.739420
1001.399440
993.891084
981.832539
966.740176
953.380504
948.309088
954.527081
968.284549
982.803040
993.315592
998.036159
996.704710
989.521038
977.361527
963.007320
951.841450
949.452977
956.961708
970.020061
983.039690
992.845321
998.824327
1001.585771
1001.966897
1000.647683
998.099257
994.652832
990.586160
986.159903
981.540417
976.602538
970.762493
963.150912
953.353392
942.382292
932.711808
926.586822
924.453101
926.108347
932.596951
944.902783
961.281525
977.832119
991.334116
1000.615333
1006.001196
1008.364003
1008.569434
1007.303924
1005.083984
1002.316927
999.356164
996.530601
994.142566
992.437860
991.560384
991.510797
992.127746
993.098518
993.989361
994.275599
993.357325
990.571722
985.260509
977.016634
966.250426
954.951179
946.784549
945.358610
951.458999
962.391135
974.298554
984.553535
992.257142
997.572022
1001.021616
1003.113285
1004.191683
1004.366941
1003.401795
1000.455801
993.577012
978.976498
951.189200
908.668140
868.772339
865.277308
901.523307
944.271866
971.852995
983.525063
984.371888
978.741103
970.295380
962.960542
960.423686
964.271806
973.031517
983.575475
993.282951
1000.953063
1006.491724
1010.300869
1012.870799
1014.609299
1015.805030
1016.643614
1017.235735
1017.641635
1017.887819
1017.976281
1017.887787
1017.580719
1016.986869
1016.005258
1014.495295
1012.271909
1009.108007
1004.754383
998.993174
991.742038
983.206806
974.020603
965.223486
957.939643
952.838526
949.782646
948.012281
946.715024
945.462584
944.131979
942.272308
938.150905
928.090277
907.844965
879.505143
861.023082
874.030738
912.580475
951.811589
978.445944
992.805552
998.912150
1000.036201
998.210969
994.641190
989.990716
984.403454
977.364874
967.634591
953.545477
933.900139
909.389023
884.078412
866.409545
867.017557
889.373153
923.469721
955.428708
978.478622
992.623691
1000.133951
1003.009531
1002.364259
998.530994
991.338389
980.462140
965.885465
948.448753
930.387148
915.722728
909.795306
916.398391
933.903283
955.824349
975.851172
991.066299
1001.396111
1007.929844
1011.856734
1014.093568
1015.244718
1015.659234
1015.490736
1014.733771
1013.233353
1010.671866
1006.544861
1000.158177
990.730669
977.769692
961.892707
945.834531
934.307672
931.319313
936.820403
946.837665
956.790228
963.916240
967.466064
968.029990
966.926967
965.627850
965.110560
965.435439
965.908416
965.734676
964.653246
963.149004
962.196039
962.744491
965.263827
969.581058
975.024951
980.701158
985.723282
989.332237
990.925902
990.067322
986.563700
980.699865
973.596074
967.368603
964.535120
966.611628
973.034514
981.575363
989.711821
995.509132
997.493328
993.941085
982.141610
958.363768
920.243287
873.363181
836.434499
830.683027
859.389749
905.266753
947.919198
977.919189
995.704389
1004.959691
1008.932706
1009.635634
1008.076585
1004.645509
999.474625
992.809604
985.393341
978.663959
974.382586
973.584966
975.554327
977.736099
976.523240
968.247896
950.875426
927.968562
912.019900
916.004358
937.559235
962.389723
980.386265
989.603019
991.555202
987.874355
979.573279
967.491084
953.034348
938.599595
927.134926
921.070183
921.654563
928.894272
941.368477
956.330833
970.811740
982.857933
991.847956
998.052181
1002.088287
1004.586590
1006.058188
1006.873349
1007.281526
1007.439542
1007.435699
1007.307265
1007.051956
1006.634715
1005.991239
1005.029271
1003.627815
1001.632077
998.835042
994.920178
989.307836
980.808344
967.026362
943.985292
908.452202
867.594093
847.182009
865.905178
905.598310
939.324934
959.202282
969.095279
974.232298
978.084276
982.265227
987.074536
992.136027
996.927285
1001.071582
1004.405873
1006.926943
1008.708214
1009.831529
1010.341643
1010.216010
1009.341338
1007.494132
1004.334742
999.447757
992.497542
983.586235
973.790655
965.470872
961.561518
963.730424
971.026496
980.623829
989.743984
996.793207
1001.290753
1003.327565
1003.123592
1000.798440
996.288070
989.363067
979.807170
967.917655
955.373709
945.795924
943.458868
950.064959
963.030901
977.685731
990.473430
999.971662
1006.149726
1009.388541
1009.819860
1006.817062
998.298405
979.705651
944.049431
889.767570
841.715429
840.815551
878.159621
908.969756
917.631173
916.823139
923.295520
941.874348
965.098868
984.625501
997.440767
1004.171396
1006.307935
1004.987867
1000.805021
993.961838
984.494170
972.506377
958.395610
943.013002
927.642235
913.571899
901.091844
888.655223
874.691965
863.298982
865.798155
887.954053
919.988770
948.066547
966.184772
974.693760
975.299143
968.526267
953.157813
927.163045
891.255235
855.043101
837.311297
850.313664
885.859695
925.643458
957.524672
978.560993
990.601335
996.580827
999.027309
999.767995
999.998751
1000.396072
1001.221873
1002.440974
1003.852765
1005.211466
1006.309021
1007.014245
1007.279627
1007.132297
1006.660543
1005.999397
1005.313243
1004.772310
1004.523418
1004.660992
1005.208184
1006.116188
1007.282492
1008.580665
1009.890491
1011.119270
1012.210671
1013.142189
1013.914494
1014.536612
1015.010166
1015.315031
1015.397990
1015.165073
1014.477282
1013.149636
1010.954556
1007.633328
1002.924111
996.620124
988.675727
979.374044
969.535162
960.641167
954.606605
952.979910
955.918480
961.847084
968.232142
972.801876
974.370529
973.124222
970.547943
968.883767
969.958055
973.942652
979.129535
982.895410
982.909271
977.972507
968.800171
958.803308
953.404305
956.496570
966.979531
979.983264
990.981590
997.863560
1000.407943
999.215032
995.167377
989.377232
983.250769
978.312606
975.674360
975.484666
976.905078
978.706953
979.996342
980.568512
980.791113
981.195166
982.033587
983.046841
983.542028
982.694423
979.881941
974.900381
967.954646
959.364506
949.191972
937.541278
926.208562
920.177759
925.002719
940.815282
961.468056
980.341509
994.423777
1003.744722
1009.485359
1012.860153
1014.775426
1015.826738
1016.381192
1016.655657
1016.772433
1016.794740
1016.748126
1016.632941
1016.431464
1016.112123
1015.632756
1014.944521
1013.997824
1012.751380
1011.184382
1009.309558
1007.181827
1004.894865
1002.559537
1000.267029
998.054117
995.898183
993.762528
991.683631
989.853141
988.624533
988.397277
989.410323
991.562579
994.377696
997.121097
998.967946
999.124453
996.906203
991.885200
984.249208
975.348449
967.912183
965.050641
968.170832
975.842953
985.024256
993.128397
998.953352
1002.413633
1003.962327
1004.200460
1003.706424
1002.976219
1002.390580
1002.179022
1002.387320
1002.861561
1003.241295
1002.923282
1000.938715
995.706698
984.772041
965.182627
936.328602
906.269413
892.370083
903.083650
925.209276
941.556420
947.104354
946.775417
948.261501
956.071646
969.041093
982.913155
994.273348
1001.895782
1006.013186
1007.369990
1006.749946
1004.868519
1002.402486
1000.012231
998.294973
997.677055
998.308464
1000.031279
1002.442659
1005.004676
1007.126509
1008.166973
1007.344340
1003.583111
995.422621
981.376373
961.535853
940.623158
928.720359
933.611212
951.797076
972.809825
989.414073
1000.005730
1005.725610
1008.120133
1008.349294
1007.141902
1004.947087
1002.093016
998.908648
995.792755
993.209990
991.602672
991.247604
992.135690
993.953309
996.178286
998.227005
999.574509
999.816704
998.698378
996.152863
992.381931
987.950131
983.789802
980.981794
980.309075
981.844236
984.910219
988.441722
991.413432
992.994611
992.298278
987.651577
975.170186
946.788154
892.339949
822.737612
797.750367
846.376841
910.088728
947.444088
960.701892
960.123581
952.489213
942.504214
934.710889
933.086219
938.998504
950.410164
963.717352
976.083802
986.224344
993.955200
999.549063
1003.339124
1005.552253
1006.259905
1005.384978
1002.762868
998.294904
992.228436
985.485323
979.714384
976.634744
976.789792
978.734411
979.474782
975.712304
965.214963
948.660235
931.773208
923.927302
930.210906
946.046206
963.009535
976.356011
985.677632
992.216636
996.974858
1000.136450
1001.117967
998.731194
991.348756
977.447196
957.372682
936.386465
924.825533
929.839662
947.204344
966.689696
981.811295
991.479145
996.994718
999.844861
1001.013856
1000.999615
999.998062
998.062086
995.192802
991.376347
986.601400
980.897706
974.415814
967.518497
960.805175
955.009272
950.822715
948.788928
949.299434
952.543688
958.325640
965.937001
974.314381
982.406699
989.477956
995.190766
999.517236
1002.589148
1004.556638
1005.471032
1005.182941
1003.248889
998.871246
990.987850
978.811396
963.212353
948.487415
941.695245
947.228528
962.164888
979.422318
993.828235
1003.858918
1010.092967
1013.641281
1015.457714
1016.192963
1016.235197
1015.777610
1014.864071
1013.402084
1011.137917
1007.583187
1001.877681
992.599449
977.692176
955.197189
926.244673
899.981141
891.639395
906.857167
934.279924
960.067880
978.789712
990.986933
998.660607
1003.447205
1006.383281
1008.075935
1008.875277
1008.984338
1008.522768
1007.565988
1006.173736
1004.414897
1002.390252
1000.249691
998.196179
996.467908
995.295593
994.845086
995.168737
996.190039
997.730142
999.562365
1001.469009
1003.279908
1004.886559
1006.237383
1007.323622
1008.163729
1008.790386
1009.241478
1009.554608
1009.764232
1009.900493
1009.988923
1010.050641
1010.102724
1010.158601
1010.228391
1010.319224
1010.435548
1010.579407
1010.750726
1010.947560
1011.166365
1011.402222
1011.648991
1011.899427
1012.145121
1012.376376
1012.581964
1012.748749
1012.861137
1012.900363
1012.843773
1012.663836
1012.326981
1011.792470
1011.011189
1009.924635
1008.464641
1006.554741
1004.114642
1001.069817
997.368118
993.003421
988.041316
982.634051
977.006260
971.399695
965.991939
960.839044
955.900701
951.165400
946.823673
943.387349
941.649104
942.430739
946.195059
952.745197
961.238421
970.516097
979.512399
987.504991
994.152483
999.402833
1003.372428
1006.249846
1008.236394
1009.516160
1010.244741
1010.548003
1010.525418
1010.255062
1009.798660
1009.205995
1008.518303
1007.770198
1006.989938
1006.197767
1005.401998
1004.592895
1003.734646
1002.756006
1001.541140
999.923730
997.690589
994.606585
990.479930
985.287177
979.350331
973.480199
968.900289
966.801650
967.698953
971.098632
975.800487
980.549945
984.520456
987.421390
989.362333
990.659232
991.675013
992.712596
993.955106
995.447534
997.112150
998.783380
1000.243880
1001.247577
1001.525794
1000.784804
998.716574
995.059623
989.756231
983.221796
976.610008
971.743607
970.394675
973.214597
979.284105
986.771327
993.997368
1000.014467
1004.568277
1007.806439
1010.021996
1011.510420
1012.513698
1013.209389
1013.716278
1014.102032
1014.386014
1014.533141
1014.434586
1013.869267
1012.438795
1009.473801
1003.941618
994.491386
