0.000000
0.000000
0.000000
0.000000
0.000000
0.000000
0.000000
0.000000
0.000000
0.000000
0.000000
0.000000
0.000000
0.000000
0.000000
0.000000
0.000000
0.000000
0.000000
6.865939
6.865939
6.865939
6.865939
6.865939
6.865939
6.865939
6.865939
6.865939
6.865939
6.865939
6.865939
6.865939
6.865939
6.865939
6.865939
6.865939
6.865939
6.865939
35.750212
35.750212
35.750212
35.750212
35.750212
35.750212
35.750212
35.750212
35.750212
35.750212
35.750212
35.750212
35.750212
35.750212
35.750212
35.750212
35.750212
35.750212
35.750212
35.750212
35.750212
35.750212
35.750212
35.750212
35.750212
35.750212
35.750212
35.750212
35.750212
35.750212
35.750212
35.750212
35.750212
35.750212
35.750212
35.750212
35.750212
35.750212
35.750212
35.750212
35.750212
35.750212
35.750212
35.750212
35.750212
35.750212
35.750212
35.750212
69.004278
69.004278
69.004278
69.004278
69.004278
69.004278
69.004278
69.004278
69.004278
69.004278
69.004278
69.004278
69.004278
69.004278
69.004278
69.004278
69.004278
69.004278
69.004278
69.004278
69.004278
69.004278
69.004278
69.004278
69.004278
69.004278
69.004278
69.004278
69.004278
69.004278
69.004278
69.004278
69.004278
69.004278
69.004278
81.387916
81.387916
81.387916
81.387916
81.387916
81.387916
89.545363
89.545363
89.545363
89.545363
89.545363
89.545363
89.545363
89.545363
89.545363
89.545363
89.545363
89.545363
89.545363
89.545363
89.545363
89.545363
89.545363
89.545363
89.545363
89.545363
89.545363
89.545363
89.545363
89.545363
89.545363
89.545363
89.545363
89.545363
89.545363
89.545363
89.545363
89.545363
89.545363
89.545363
89.545363
89.545363
89.545363
89.545363
89.545363
89.545363
89.545363
89.545363
89.545363
89.545363
89.545363
89.545363
89.545363
89.545363
89.545363
89.545363
89.545363
89.545363
89.545363
89.545363
89.545363
89.545363
89.545363
89.545363
89.545363
89.545363
108.984321
108.984321
108.984321
108.984321
108.984321
108.984321
108.984321
108.984321
108.984321
108.984321
108.984321
108.984321
108.984321
108.984321
108.984321
108.984321
108.984321
108.984321
108.984321
108.984321
108.984321
108.984321
108.984321
108.984321
108.984321
108.984321
108.984321
108.984321
108.984321
108.984321
108.984321
108.984321
118.205032
118.205032
118.205032
118.205032
118.205032
130.498710
130.498710
130.498710
130.498710
130.498710
130.498710
130.498710
130.498710
130.498710
130.498710
130.498710
130.498710
130.498710
130.498710
130.498710
130.498710
130.498710
130.498710
130.498710
130.498710
130.498710
130.498710
130.498710
130.498710
130.498710
130.498710
130.498710
130.498710
130.498710
130.498710
130.498710
130.498710
130.498710
130.498710
130.498710
130.498710
130.498710
130.498710
130.498710
130.498710
130.498710
130.498710
130.498710
130.498710
139.944584
160.651364
160.651364
160.651364
160.651364
160.651364
160.651364
168.254779
168.254779
168.254779
168.254779
168.254779
168.254779
176.062919
176.062919
176.062919
176.062919
176.062919
176.062919
176.062919
176.062919
176.062919
197.358417
197.358417
197.358417
197.358417
197.358417
197.358417
197.358417
197.358417
218.072661
218.072661
218.072661
225.330349
225.330349
225.330349
225.330349
225.330349
225.330349
225.330349
225.330349
225.330349
225.330349
225.330349
225.330349
225.330349
225.330349
225.330349
225.330349
225.330349
225.330349
225.330349
225.330349
225.330349
225.330349
225.330349
225.330349
225.330349
225.330349
225.330349
249.562102
249.562102
249.562102
249.562102
249.562102
249.562102
249.562102
249.562102
249.562102
249.562102
249.562102
249.562102
249.562102
249.562102
249.562102
249.562102
249.562102
249.562102
249.562102
249.562102
249.562102
249.562102
249.562102
249.562102
249.562102
249.562102
249.562102
249.562102
249.562102
249.562102
249.562102
249.562102
249.562102
249.562102
249.562102
249.562102
249.562102
249.562102
249.562102
249.562102
249.562102
249.562102
249.562102
249.562102
249.562102
249.562102
263.462128
263.462128
263.462128
263.462128
263.462128
263.462128
263.462128
263.462128
263.462128
263.462128
263.462128
263.462128
263.462128
274.857024
274.857024
274.857024
274.857024
274.857024
274.857024
274.857024
274.857024
282.008263
282.008263
282.008263
282.008263
282.008263
282.008263
282.008263
282.008263
282.008263
282.008263
291.839775
292.657369
292.657369
292.657369
292.657369
292.657369
292.657369
292.657369
292.657369
292.657369
292.657369
292.657369
292.657369
292.657369
292.657369
292.657369
292.657369
292.657369
292.657369
292.657369
292.657369
292.657369
292.657369
292.657369
292.657369
292.657369
292.657369
292.657369
292.657369
292.657369
292.657369
292.657369
292.657369
292.657369
292.657369
292.657369
292.657369
292.657369
292.657369
292.657369
292.657369
296.002164
296.002164
296.002164
296.002164
296.002164
319.162438
319.162438
319.162438
319.162438
319.162438
319.162438
319.162438
319.162438
319.162438
319.162438
319.162438
319.162438
319.162438
335.008768
335.008768
335.008768
335.008768
335.008768
353.458281
353.458281
353.458281
353.458281
353.458281
353.458281
353.458281
353.458281
353.458281
367.051588
367.051588
367.051588
367.051588
367.051588
367.051588
367.051588
367.051588
367.051588
367.051588
367.051588
367.051588
367.051588
367.051588
367.051588
367.051588
367.051588
367.051588
367.051588
367.051588
367.051588
367.051588
367.051588
367.051588
367.051588
367.051588
367.051588
367.051588
367.051588
367.051588
367.051588
367.051588
367.051588
367.051588
367.051588
367.051588
367.051588
367.051588
367.051588
367.051588
367.051588
367.051588
367.051588
367.051588
367.051588
367.051588
367.051588
367.051588
367.051588
367.051588
367.051588
367.051588
367.051588
367.051588
367.051588
367.051588
367.051588
367.051588
367.051588
367.051588
367.051588
367.051588
367.051588
367.051588
367.051588
367.051588
367.051588
367.051588
367.051588
367.051588
367.051588
386.580411
386.580411
393.469170
393.469170
393.469170
393.469170
393.469170
393.469170
393.469170
393.469170
393.469170
393.469170
393.469170
393.469170
393.469170
393.469170
393.469170
393.469170
393.469170
393.469170
393.469170
393.469170
393.469170
393.469170
393.469170
393.469170
393.469170
393.469170
393.469170
393.469170
393.469170
393.469170
393.469170
393.469170
393.469170
411.019308
411.019308
411.019308
411.019308
411.019308
411.019308
411.019308
411.019308
411.019308
411.019308
411.019308
411.019308
411.019308
411.019308
411.019308
411.019308
411.019308
411.019308
411.019308
411.019308
411.019308
411.019308
411.019308
411.019308
411.019308
411.019308
411.019308
411.019308
411.019308
411.019308
411.019308
411.019308
430.821837
430.821837
430.821837
430.821837
430.821837
430.821837
430.821837
430.821837
430.821837
430.821837
430.821837
430.821837
460.334835
460.334835
460.334835
460.334835
460.334835
460.334835
460.334835
460.334835
460.334835
460.334835
460.334835
460.334835
460.334835
460.334835
460.334835
460.334835
460.334835
460.334835
460.334835
460.334835
460.334835
460.334835
460.334835
460.334835
460.334835
460.334835
460.334835
460.334835
460.334835
460.334835
460.334835
460.334835
460.334835
460.334835
460.334835
460.334835
460.334835
460.334835
460.334835
460.334835
485.931193
485.931193
485.931193
519.864999
519.864999
519.864999
519.864999
519.864999
519.864999
519.864999
519.864999
519.864999
519.864999
519.864999
519.864999
519.864999
519.864999
519.864999
519.864999
519.864999
519.864999
519.864999
519.864999
519.864999
519.864999
519.864999
519.864999
519.864999
519.864999
519.864999
519.864999
519.864999
519.864999
519.864999
519.864999
519.864999
519.864999
519.864999
519.864999
519.864999
519.864999
519.864999
519.864999
519.864999
519.864999
519.864999
519.864999
519.864999
519.864999
519.864999
519.864999
533.605504
558.296373
558.296373
558.296373
558.296373
558.296373
558.296373
558.296373
558.296373
558.296373
558.296373
558.296373
558.296373
558.296373
558.296373
579.064438
579.064438
579.064438
579.064438
579.064438
579.064438
579.064438
579.064438
579.064438
579.064438
579.064438
579.064438
579.064438
579.064438
579.064438
579.064438
579.064438
579.064438
579.064438
579.064438
579.064438
579.064438
579.064438
604.870819
604.870819
604.870819
604.870819
604.870819
604.870819
604.870819
604.870819
604.870819
604.870819
604.870819
604.870819
604.870819
604.870819
604.870819
604.870819
604.870819
604.870819
604.870819
604.870819
604.870819
604.870819
604.870819
604.870819
604.870819
604.870819
604.870819
604.870819
604.870819
604.870819
604.870819
604.870819
604.870819
604.870819
604.870819
604.870819
604.870819
604.870819
604.870819
604.870819
604.870819
604.870819
604.870819
604.870819
604.870819
604.870819
604.870819
604.870819
604.870819
604.870819
604.870819
604.870819
604.870819
604.870819
604.870819
604.870819
604.870819
604.870819
604.870819
604.870819
604.870819
604.870819
604.870819
604.870819
604.870819
604.870819
604.870819
604.870819
604.870819
604.870819
604.870819
604.870819
604.870819
604.870819
604.870819
604.870819
604.870819
604.870819
604.870819
604.870819
604.870819
604.870819
604.870819
604.870819
604.870819
604.870819
604.870819
604.870819
604.870819
604.870819
604.870819
604.870819
604.870819
604.870819
604.870819
604.870819
604.870819
604.870819
604.870819
604.870819
604.870819
604.870819
604.870819
604.870819
604.870819
604.870819
604.870819
604.870819
604.870819
604.870819
604.870819
604.870819
604.870819
604.870819
604.870819
604.870819
604.870819
604.870819
604.870819
604.870819
604.870819
604.870819
604.870819
604.870819
604.870819
604.870819
604.870819
604.870819
604.870819
604.870819
604.870819
604.870819
604.870819
625.233769
634.990096
634.990096
634.990096
634.990096
634.990096
634.990096
654.390383
654.390383
654.390383
654.390383
654.390383
654.390383
654.390383
654.390383
654.390383
654.390383
654.390383
654.390383
654.390383
654.390383
669.932873
669.932873
669.932873
669.932873
669.932873
679.188806
679.188806
679.188806
679.188806
679.188806
679.188806
679.188806
679.188806
679.188806
679.188806
679.188806
679.188806
679.188806
679.188806
679.188806
679.188806
679.188806
679.188806
679.188806
679.188806
679.188806
679.188806
679.188806
679.188806
679.188806
679.188806
679.188806
679.188806
679.188806
679.188806
679.188806
679.188806
679.188806
679.188806
679.188806
679.188806
711.339627
711.339627
711.339627
711.339627
711.339627
711.339627
711.339627
711.339627
711.339627
711.339627
711.339627
711.339627
711.339627
711.339627
711.339627
711.339627
711.339627
711.339627
711.339627
711.339627
711.339627
711.339627
711.339627
711.339627
711.339627
711.339627
711.339627
711.339627
711.339627
711.339627
711.339627
711.339627
711.339627
711.339627
711.339627
711.339627
711.339627
711.339627
711.339627
711.339627
716.273222
744.785596
744.785596
744.785596
744.785596
744.785596
744.785596
744.785596
744.785596
744.785596
744.785596
744.785596
744.785596
744.785596
744.785596
744.785596
744.785596
744.785596
744.785596
744.785596
744.785596
744.785596
744.785596
744.785596
744.785596
744.785596
744.785596
744.785596
744.785596
744.785596
744.785596
744.785596
744.785596
744.785596
744.785596
744.785596
744.785596
744.785596
744.785596
783.982106
783.982106
783.982106
783.982106
783.982106
783.982106
783.982106
783.982106
783.982106
783.982106
783.982106
803.105313
803.105313
803.105313
803.105313
803.105313
803.105313
803.105313
803.105313
803.105313
803.105313
803.105313
803.105313
803.105313
803.105313
803.105313
803.105313
803.105313
803.105313
803.105313
803.105313
803.105313
803.105313
803.105313
803.105313
803.105313
803.105313
803.105313
803.105313
803.105313
803.105313
803.105313
803.105313
803.105313
803.105313
803.105313
803.105313
803.105313
803.105313
803.105313
803.105313
803.105313
803.105313
803.105313
803.105313
803.105313
803.105313
803.105313
803.105313
803.105313
803.105313
803.105313
803.105313
803.105313
803.105313
827.907475
827.907475
827.907475
827.907475
827.907475
827.907475
827.907475
827.907475
827.907475
827.907475
827.907475
827.907475
827.907475
827.907475
827.907475
827.907475
827.907475
827.907475
827.907475
827.907475
827.907475
827.907475
827.907475
827.907475
827.907475
827.907475
827.907475
827.907475
827.907475
827.907475
827.907475
857.453395
857.453395
857.453395
857.453395
857.453395
857.453395
857.453395
857.453395
857.453395
857.453395
857.453395
857.453395
857.453395
857.453395
857.453395
857.453395
857.453395
857.453395
857.453395
857.453395
857.453395
857.453395
857.453395
885.717724
885.717724
885.717724
885.717724
885.717724
885.717724
885.717724
885.717724
885.717724
885.717724
885.717724
885.717724
885.717724
885.717724
885.717724
885.717724
885.717724
885.717724
885.717724
885.717724
885.717724
885.717724
885.717724
885.717724
885.717724
885.717724
885.717724
885.717724
885.717724
885.717724
885.717724
885.717724
885.717724
885.717724
885.717724
885.717724
885.717724
885.717724
885.717724
885.717724
885.717724
885.717724
885.717724
885.717724
885.717724
885.717724
885.717724
885.717724
885.717724
885.717724
885.717724
911.594066
911.594066
911.594066
911.594066
911.594066
911.594066
911.594066
911.594066
911.594066
911.594066
911.594066
911.594066
933.966135
933.966135
933.966135
933.966135
933.966135
933.966135
933.966135
933.966135
933.966135
933.966135
933.966135
933.966135
933.966135
933.966135
933.966135
933.966135
933.966135
933.966135
933.966135
933.966135
967.058322
967.058322
967.058322
971.699125
971.699125
971.699125
971.699125
971.699125
971.699125
971.699125
971.699125
971.699125
971.699125
971.699125
971.699125
971.699125
971.699125
971.699125
971.699125
971.699125
971.699125
971.699125
971.699125
971.699125
971.699125
971.699125
971.699125
971.699125
971.699125
971.699125
971.699125
971.699125
971.699125
971.699125
971.699125
988.279348
988.279348
988.279348
988.279348
988.279348
988.279348
988.279348
988.279348
988.279348
988.279348
988.279348
988.279348
988.279348
988.279348
988.279348
988.279348
1004.038191
1004.038191
1004.038191
1004.038191
1004.038191
1004.038191
1004.038191
1004.038191
1004.038191
1004.038191
1004.038191
1004.038191
1004.038191
1004.038191
1004.038191
1004.038191
1004.038191
1004.038191
1004.038191
1004.038191
1004.038191
1004.038191
1004.038191
1004.038191
1004.038191
1004.038191
1004.038191
1004.038191
1004.038191
1004.038191
1004.038191
1004.038191
1004.038191
1004.038191
1004.038191
1004.038191
1016.953464
1016.953464
1016.953464
1016.953464
1016.953464
1021.475822
1021.475822
1021.475822
1021.475822
1021.475822
1021.475822
1021.475822
1021.475822
1021.475822
1021.475822
1021.475822
1021.475822
1021.475822
1021.475822
1021.475822
1021.475822
1021.475822
1021.475822
1021.475822
1021.475822
1021.475822
1021.475822
1021.475822
1021.475822
1021.475822
1021.475822
1021.475822
1021.475822
1021.475822
1021.475822
1021.475822
1021.475822
1021.475822
1021.475822
1021.475822
1021.475822
1021.475822
1021.475822
1021.475822
1021.475822
1021.475822
1021.475822
1021.475822
1021.475822
1021.475822
1021.475822
1021.475822
1021.475822
1021.475822
1021.475822
1021.475822
1021.475822
1021.475822
1021.475822
1021.475822
1021.475822
1021.475822
1021.475822
1021.475822
1021.475822
1021.475822
1021.475822
1021.475822
1021.475822
1021.475822
1021.475822
1021.475822
1021.475822
1021.475822
1021.475822
1021.475822
1021.475822
1021.475822
1021.475822
1021.475822
1021.475822
1021.475822
1021.475822
1021.475822
1021.475822
1021.475822
1021.475822
1021.475822
1021.475822
1021.475822
1021.475822
1021.475822
1021.475822
1021.475822
1021.475822
1021.475822
1021.475822
1021.475822
1021.475822
1045.148367
1045.148367
1045.148367
1045.148367
1045.148367
1045.148367
1045.148367
1045.148367
1045.148367
1045.148367
1045.148367
1045.148367
1045.148367
1045.148367
1045.148367
1045.148367
1045.148367
1045.148367
1045.148367
1045.148367
1045.148367
1045.148367
1045.148367
1045.148367
1045.148367
1045.148367
1045.148367
1045.148367
1045.148367
1045.148367
1045.148367
1045.148367
1045.148367
1045.148367
1045.148367
1045.148367
1045.148367
1045.148367
1045.148367
1045.148367
1045.148367
1045.148367
1045.148367
1045.148367
1045.148367
1045.148367
1045.148367
1045.148367
1045.148367
1045.148367
1045.148367
1045.148367
1045.148367
1045.148367
1045.148367
1045.148367
1045.148367
1045.148367
1045.148367
1045.148367
1045.148367
1045.148367
1045.148367
1045.148367
1045.148367
1045.148367
1045.148367
1045.148367
1045.148367
1045.148367
1045.148367
1045.148367
1045.148367
1045.148367
1045.148367
1045.148367
1045.148367
1045.148367
1045.148367
1067.036705
1103.273085
1103.273085
1103.273085
1103.273085
1103.273085
1103.273085
1103.273085
1103.273085
1103.273085
1103.273085
1103.273085
1103.273085
1103.273085
1103.273085
1103.273085
1103.273085
1103.273085
1103.273085
1103.273085
1103.273085
1103.273085
1103.273085
1103.273085
1103.273085
1103.273085
1103.273085
1103.273085
1103.273085
1103.273085
1103.273085
1103.273085
1103.273085
1103.273085
1103.273085
1103.273085
1103.273085
1103.273085
1103.273085
1103.273085
1103.273085
1103.273085
1103.273085
1103.273085
1103.273085
1111.285770
1111.285770
1111.285770
1111.285770
1111.285770
1111.285770
1111.285770
1111.285770
1111.285770
1111.285770
1111.285770
1111.285770
1111.285770
1111.285770
1111.285770
1111.285770
1111.285770
1111.285770
1111.285770
1111.285770
1111.285770
1111.285770
1111.285770
1111.285770
1111.285770
1111.285770
1111.285770
1111.285770
1111.285770
1111.285770
1111.285770
1111.285770
1135.937593
1135.937593
1135.937593
1135.937593
1135.937593
1135.937593
1135.937593
1135.937593
1148.848715
1148.848715
1148.848715
1148.848715
1148.848715
1148.848715
1148.848715
1148.848715
1148.848715
1148.848715
1148.848715
1148.848715
1148.848715
1148.848715
1148.848715
1148.848715
1148.848715
1148.848715
1148.848715
1148.848715
1148.848715
1148.848715
1163.719431
1163.719431
1163.719431
1163.719431
1163.719431
1163.719431
1163.719431
1163.719431
1163.719431
1163.719431
1163.719431
1163.719431
1163.719431
1163.719431
1163.719431
1163.719431
1163.719431
1163.719431
1163.719431
1178.954406
1178.954406
1178.954406
1178.954406
1178.954406
1190.289183
1190.289183
1190.289183
1190.289183
1190.289183
1190.289183
1190.289183
1190.289183
1190.289183
1190.289183
1190.289183
1190.289183
1190.289183
1190.289183
1190.289183
1190.289183
1210.496049
1210.496049
1210.496049
1210.496049
1210.496049
1210.496049
1210.496049
1210.496049
1210.496049
1210.496049
1210.496049
1210.496049
1210.496049
1210.496049
1210.496049
1210.496049
1210.496049
1210.496049
1210.496049
1210.496049
1210.496049
1210.496049
1210.496049
1210.496049
1210.496049
1210.496049
1210.496049
1210.496049
1210.496049
1210.496049
1210.496049
1210.496049
1210.496049
1210.496049
1210.496049
1210.496049
1210.496049
1210.496049
1234.085208
1234.085208
1234.085208
1234.085208
1234.085208
1234.085208
1234.085208
1234.085208
1234.085208
1234.085208
1234.085208
1234.085208
1234.085208
1234.085208
1234.085208
1234.085208
1234.085208
1259.621878
1259.621878
1259.621878
1259.621878
1259.621878
1259.621878
1259.621878
1259.621878
1259.621878
1259.621878
1259.621878
1259.621878
1259.621878
1259.621878
1259.621878
1259.621878
1259.621878
1259.621878
1259.621878
1259.621878
1301.983334
1301.983334
1301.983334
1301.983334
1328.081869
1328.081869
1328.081869
1345.713734
1345.713734
1345.713734
1345.713734
1345.713734
1345.713734
1345.713734
1345.713734
1345.713734
1345.713734
1345.713734
1345.713734
1345.713734
1345.713734
1345.713734
1345.713734
1345.713734
1345.713734
1345.713734
1345.713734
1345.713734
1345.713734
1345.713734
1345.713734
1345.713734
1345.713734
1355.996763
1355.996763
1355.996763
1355.996763
1355.996763
1355.996763
1355.996763
1355.996763
1355.996763
1355.996763
1355.996763
1355.996763
1355.996763
1355.996763
1355.996763
1355.996763
1355.996763
1355.996763
1355.996763
1355.996763
1355.996763
1355.996763
1355.996763
1355.996763
1355.996763
1355.996763
1355.996763
1355.996763
1355.996763
1366.670191
1366.670191
1366.670191
1366.670191
1366.670191
1366.670191
1366.670191
1366.670191
1366.670191
1366.670191
1366.670191
1366.670191
1366.670191
1366.670191
1366.670191
1366.670191
1366.670191
1366.670191
1366.670191
1366.670191
1366.670191
1366.670191
1366.670191
1366.670191
1366.670191
1366.670191
1366.670191
1366.670191
1366.670191
1366.670191
1366.670191
1366.670191
1366.670191
1366.670191
1366.670191
1366.670191
1366.670191
1366.670191
1366.670191
1366.670191
1366.670191
1366.670191
1366.670191
1366.670191
1366.670191
1366.670191
1366.670191
1366.670191
1366.670191
1366.670191
1366.670191
1366.670191
1366.670191
1366.670191
1366.670191
1366.670191
1366.670191
1366.670191
1366.670191
1366.670191
1366.670191
1366.670191
1366.670191
1366.670191
1366.670191
1366.670191
1366.670191
1366.670191
1366.670191
1366.670191
1366.670191
1366.670191
1394.918264
1394.918264
1394.918264
1394.918264
1394.918264
1394.918264
1394.918264
1394.918264
1394.918264
1394.918264
1394.918264
1394.918264
1394.918264
1394.918264
1394.918264
1394.918264
1394.918264
1394.918264
1394.918264
1394.918264
1394.918264
1394.918264
1394.918264
1394.918264
1394.918264
1394.918264
1410.493009
1422.253172
1422.253172
1422.253172
1434.646125
1434.646125
1434.646125
1434.646125
1434.646125
1434.646125
1434.646125
1434.646125
1434.646125
1434.646125
1434.646125
1434.646125
1434.646125
1434.646125
1434.646125
1434.646125
1434.646125
1434.646125
1434.646125
1434.646125
1434.646125
1434.646125
1434.646125
1434.646125
1434.646125
1434.646125
1434.646125
1434.646125
1434.646125
1434.646125
1434.646125
1434.646125
1434.646125
1434.646125
1434.646125
1434.646125
1434.646125
1434.646125
1434.646125
1434.646125
1434.646125
1434.646125
1434.646125
1434.646125
1434.646125
1434.646125
1434.646125
1434.646125
1434.646125
1434.646125
1434.646125
1434.646125
1434.646125
1434.646125
1434.646125
1434.646125
1434.646125
1434.646125
1434.646125
1434.646125
1434.646125
1434.646125
1434.646125
1434.646125
1460.905196
1460.905196
1460.905196
1460.905196
1460.905196
1460.905196
1460.905196
1460.905196
1460.905196
1460.905196
1460.905196
1460.905196
1460.905196
1460.905196
1460.905196
1460.905196
1460.905196
1460.905196
1470.220126
1470.220126
1470.220126
1470.220126
1470.220126
1470.220126
1470.220126
1470.220126
1470.220126
1470.220126
1470.220126
1470.220126
1499.629009
1499.629009
1499.629009
1499.629009
1499.629009
1499.629009
1499.629009
1499.629009
1524.660916
1524.660916
1524.660916
1524.660916
1524.660916
1524.660916
1524.660916
1524.660916
1524.660916
1524.660916
1524.660916
1524.660916
1524.660916
1557.454491
1557.454491
