7.352214, 5.906552, -0.441943, -0.897043, 0.000000, 0.000000
4.079104, 8.986480, 0.864158, -0.503221, 0.000000, 0.000000
2.792749, 7.901852, -0.858557, 0.512718, 0.000000, 0.000000
6.958831, 0.156560, 0.405384, 0.914146, 0.000000, 0.000000
9.363994, 4.937895, 0.739130, 0.673562, 0.000000, 0.000000
6.269112, 6.495865, -0.595907, 0.803053, 0.000000, 0.000000
1.710868, 7.283242, 0.673952, 0.738775, 0.000000, 0.000000
8.256783, 1.325724, 0.052851, 0.998602, 0.000000, 0.000000
7.527085, 4.233528, 0.615210, 0.788363, 0.000000, 0.000000
2.458266, 2.542192, -0.983885, 0.178802, 0.000000, 0.000000

7.185423, 5.748491, -1.617985, -0.576835, -7.840282, 2.134721
4.234441, 8.870760, 0.601735, -0.729363, -1.749483, -1.507616
2.555450, 7.971573, -1.842367, 0.020364, -6.558733, -3.282361
7.052923, 0.351208, 0.600623, 1.091433, 1.301594, 1.181914
9.501213, 5.071289, 0.580020, 0.653793, -1.060738, -0.131797
6.234291, 6.610008, 0.669493, 0.106040, 8.436005, -4.646756
1.929127, 7.478709, 1.925986, 1.454444, 8.346896, 4.771125
8.253932, 1.513925, -0.148465, 0.825816, -1.342108, -1.151908
7.654844, 4.417556, 0.685961, 1.183703, 0.471675, 2.635598
2.261441, 2.577923, -0.984609, 0.178364, -0.004824, -0.002920

6.659755, 5.676733, -3.865014, -0.136165, -12.366765, 2.226227
4.310637, 8.689312, 0.114422, -1.112232, -2.665591, -2.049920
27.194826, 27.690006, 373.931253, 296.064004, 2507.343713, 1974.718388
7.215983, 0.609580, 1.114487, 1.574513, 2.991890, 2.826559
9.586281, 5.197226, 0.222058, 0.594651, -2.032832, -0.350345
6.605837, 6.475600, 3.390607, -1.763516, 15.328753, -10.914786
-22.648125, -11.909903, -373.345443, -294.215179, -2504.591829, -1972.721192
8.180182, 1.639988, -0.675115, 0.354492, -3.063632, -2.758189
7.787458, 4.770898, 0.570118, 2.669164, -0.929510, 9.024538
2.064329, 2.613554, -0.986980, 0.178026, -0.014198, -0.001280

7.703408, -24.261561, 24.621495, -449.024702, 194.032313, -2993.332325
4.280596, 8.425712, -0.412901, -1.524548, -2.626961, -2.065465
152.127951, 126.397174, 875.399996, 691.007682, 2507.343712, 1974.718386
7.542550, 1.027895, 2.370350, 2.843043, 7.375124, 7.514681
9.577367, 5.306304, -0.374551, 0.481895, -3.299782, -0.634925
5.574391, 35.820152, -23.785782, 444.786783, -186.285506, 2980.640254
-147.409050, -110.207363, -874.263809, -688.759417, -2504.591829, -1972.721191
7.939956, 1.609181, -1.946797, -0.895261, -7.456671, -7.412295
7.847571, 5.527852, -0.145579, 5.113525, -4.461480, 13.287560
1.866502, 2.649200, -0.992028, 0.178760, -0.028921, 0.005320

16.508353, -173.933148, 63.427957, -1047.691167, 194.032313, -2993.332323
4.145527, 8.079526, -0.937529, -1.937143, -2.621865, -2.062147
377.354825, 304.093078, 1376.868738, 1085.951359, 2507.343712, 1974.718386
-89.093941, -140.513065, -1455.025578, -2129.551956, -9718.431225, -14218.471551
9.418501, 5.392120, -1.303909, 0.386937, -5.095792, -0.421415
-2.908476, 184.390313, -61.042883, 1040.914834, -186.285506, 2980.640254
-372.353649, -287.413670, -1375.182175, -1083.303655, -2504.591829, -1972.721191
104.659581, 143.541888, 1455.433649, 2131.522350, 9718.355197, 14218.588172
7.747250, 6.813912, -0.767512, 7.735100, -2.659061, 13.047982
1.667347, 2.685143, -1.000365, 0.181102, -0.045944, 0.013834

33.074591, -443.338027, 102.234420, -1646.357632, 194.032313, -2993.332323
3.905651, 7.650832, -1.460906, -2.349908, -2.615225, -2.064386
702.875447, 560.777718, 1878.337481, 1480.895036, 2507.343712, 1974.718386
-574.467681, -850.792888, -3398.711823, -4973.246266, -9718.431225, -14218.471551
9.052968, 5.463466, -2.365589, 0.338470, -5.379275, -0.182639
-18.842762, 452.186085, -98.299984, 1637.042884, -186.285506, 2980.640254
-697.481920, -543.528825, -1876.100541, -1477.847893, -2504.591829, -1972.721191
590.113415, 854.218121, 3399.104688, 4975.239984, 9718.355197, 14218.588172
7.543426, 8.619421, -1.256436, 10.307625, -2.373135, 12.800841
1.466265, 2.721746, -1.010916, 0.185459, -0.055026, 0.024437

57.402121, -832.476200, 141.040882, -2245.024096, 194.032313, -2993.332323
3.561242, 7.139577, -1.982804, -2.762574, -2.607575, -2.062973
1128.689817, 896.451093, 2379.806223, 1875.838713, 2507.343712, 1974.718386
-1448.578670, -2129.811572, -5342.398068, -7816.940576, -9718.431225, -14218.471551
8.472281, 5.527563, -3.441208, 0.302769, -5.377697, -0.177126
-42.228469, 839.207467, -135.557085, 2233.170935, -186.285506, 2980.640254
-1122.793865, -878.552827, -2377.018906, -1872.392132, -2504.591829, -1972.721191
1464.301456, 2133.637881, 5342.775727, 7818.957618, 9718.355197, 14218.588172
7.244657, 10.936808, -1.731340, 12.865480, -2.374986, 12.785414
1.262907, 2.759412, -1.023028, 0.191622, -0.062403, 0.032939

89.490944, -1341.347666, 179.847345, -2843.690561, 194.032313, -2993.332323
3.112538, 6.545794, -2.504186, -3.175301, -2.606689, -2.063856
1654.797936, 1311.113203, 2881.274965, 2270.782391, 2507.343712, 1974.718386
-2711.426908, -3977.569118, -7286.084313, -10660.634887, -9718.431225, -14218.471551
7.676519, 5.584513, -4.516249, 0.266436, -5.374376, -0.183177
-73.065596, 1345.454459, -172.814186, 2829.298986, -186.285506, 2980.640254
-1648.289483, -1292.485678, -2877.937272, -2266.936370, -2504.591829, -1972.721191
2727.223706, 3981.801168, 7286.446766, 10662.675253, 9718.355197, 14218.588172
6.850915, 13.765636, -2.205953, 15.422910, -2.372425, 12.787732
1.056986, 2.798441, -1.036524, 0.198902, -0.069171, 0.037555

129.341059, -1969.952425, 218.653808, -3442.357026, 194.032313, -2993.332323
2.559585, 5.869408, -3.025253, -3.588798, -2.604888, -2.068699
2281.199803, 1804.764049, 3382.743708, 2665.726068, 2507.343712, 1974.718386
-4363.012395, -6394.065526, -9229.770558, -13504.329197, -9718.431225, -14218.471551
6.662757, 5.627449, -5.636492, 0.129473, -5.676829, -0.852029
-111.354144, 1970.927062, -210.071287, 3425.427037, -186.285506, 2980.640254
-2273.968774, -1785.327375, -3378.855638, -2661.480608, -2504.591829, -1972.721191
4378.880163, 6398.707982, 9230.117806, 13506.392887, 9718.355197, 14218.588172
6.365322, 17.112650, -2.634744, 18.080615, -2.067799, 13.455456
0.848258, 2.839032, -1.050955, 0.207309, -0.073146, 0.043527

176.952467, -2718.290476, 257.460270, -4041.023490, 194.032313, -2993.332323
1.902464, 5.110154, -3.545820, -4.004336, -2.602149, -2.080681
3007.895419, 2377.403630, 3884.212450, 3060.669745, 2507.343712, 1974.718386
-6403.335131, -9379.300797, -11173.456803, -16348.023507, -9718.431225, -14218.471551
5.413284, 5.679236, -6.901418, 0.603069, -6.540563, 3.441316
-157.094111, 2715.625274, -247.328389, 4021.555087, -186.285506, 2980.640254
-2999.831738, -2357.077921, -3879.774003, -3056.024846, -2504.591829, -1972.721191
6419.270828, 9384.358323, 11173.788845, 16350.110521, 9718.355197, 14218.588172
5.805563, 20.954925, -2.920122, 20.127350, -1.213249, 9.159745
0.636668, 2.881508, -1.064617, 0.218166, -0.066701, 0.057874

232.325167, -3586.361821, 296.266733, -4639.689955, 194.032313, -2993.332323
1.140741, 4.266555, -4.073987, -4.437250, -2.653730, -2.192536
3834.884783, 3029.031947, 4385.681192, 3455.613422, 2507.343712, 1974.718386
-8832.395116, -12933.274929, -13117.143048, -19191.717817, -9718.431225, -14218.471551
3.902053, 5.868660, -8.211572, 1.291091, -6.554171, 3.439705
-210.285499, 3579.549096, -284.585490, 4617.683138, -186.285506, 2980.640254
-3825.878375, -3007.737314, -4380.692369, -3450.569085, -2504.591829, -1972.721191
8848.395701, 12938.752191, 13117.459884, 19193.828156, 9718.355197, 14218.588172
5.197273, 25.163580, -3.162789, 21.959159, -1.213366, 9.158813
0.423064, 2.927443, -1.068161, 0.246901, -0.001394, 0.172272

295.459160, -4574.166458, 335.073195, -5238.356420, 194.032313, -2993.332323
0.252792, 3.297478, -4.905886, -5.442407, -4.661416, -5.970202
4762.167896, 3759.648999, 4887.149935, 3850.557100, 2507.343712, 1974.718386
-11650.192350, -17055.987924, -15060.829293, -22035.412128, -9718.431225, -14218.471551
2.128392, 6.195515, -9.526354, 1.976671, -6.580494, 3.423970
-270.928307, 4562.698529, -321.842591, 5213.811189, -186.285506, 2980.640254
-4752.108686, -3737.305555, -4881.610735, -3845.113323, -2504.591829, -1972.721191
11666.254782, 17061.889585, 15061.130924, 22037.545790, 9718.355197, 14218.588172
4.540447, 29.738588, -3.405463, 23.790918, -1.213370, 9.158793
0.229744, 3.018202, -0.763338, 0.850368, 2.032617, 3.965693

366.354445, -5681.704389, 373.879658, -5837.022884, 194.032313, -2993.332323
2402939.615448, 29116161.967738, 36044100.717748, 436742391.535737, 240294039.044695, 2911615981.844358
5789.744757, 4569.254787, 5388.618677, 4245.500777, 2507.343712, 1974.718386
-14856.726833, -21747.439780, -17004.515538, -24879.106438, -9718.431225, -14218.471551
0.091371, 6.659104, -10.844566, 2.658100, -6.594582, 3.401539
-339.022535, 5665.073572, -359.099692, 5809.939240, -186.285506, 2980.640254
-5778.522669, -4545.782643, -5382.529101, -4239.657561, -2504.591829, -1972.721191
14872.848071, 21753.770507, 17004.801963, 24881.263424, 9718.355197, 14218.588172
3.835087, 34.679947, -3.648137, 25.622677, -1.213370, 9.158792
-2402940.319191, -29116156.610331, -36044106.910618, -436742396.525312, -240294041.659405, -2911615983.826435

445.011023, -6908.975612, 412.686120, -6435.689349, 194.032313, -2993.332323
14417640.539892, 174696959.911772, 84102908.526687, 1019065587.904608, 240294039.044695, 2911615981.844358
6917.615367, 5457.849310, 5890.087419, 4640.444454, 2507.343712, 1974.718386
-18451.998565, -27007.630499, -18948.201783, -27722.800748, -9718.431225, -14218.471551
-2.209434, 7.258755, -12.163483, 3.338408, -6.594582, 3.401539
-414.568184, 6886.674225, -396.356793, 6406.067290, -186.285506, 2980.640254
-6905.120326, -5433.168579, -5883.447466, -4634.201799, -2504.591829, -1972.721191
18468.175567, 27014.394955, 18948.473002, 27724.981059, 9718.355197, 14218.588172
3.081193, 39.987659, -3.890811, 27.454435, -1.213370, 9.158792
-14417642.534503, -174696955.591923, -84102915.242499, -1019065593.290600, -240294041.659405, -2911615983.826435

531.428893, -8255.980128, 451.492583, -7034.355814, 194.032313, -2993.332323
36044103.026123, 436742397.129581, 132161716.335626, 1601388784.273480, 240294039.044695, 2911615981.844358
8145.779725, 6425.432568, 6391.556162, 5035.388131, 2507.343712, 1974.718386
-22436.007547, -32836.560079, -20891.888028, -30566.495058, -9718.431225, -14218.471551
-4.774022, 7.994468, -13.482399, 4.018716, -6.594582, 3.401539
-497.565253, 8227.500488, -433.613894, 7002.195341, -186.285506, 2980.640254
-8131.901656, -6399.463363, -6384.365832, -5028.746038, -2504.591829, -1972.721191
22452.237271, 32843.762930, 20892.144042, 30568.698693, 9718.355197, 14218.588172
2.278763, 45.661722, -4.133485, 29.286193, -1.213370, 9.158792
-36044106.416191, -436742393.926571, -132161723.574380, -1601388790.055887, -240294041.659405, -2911615983.826435

625.608056, -9722.717937, 490.299046, -7633.022278, 194.032313, -2993.332323
67282327.074142, 815252473.621165, 180220524.144565, 2183711980.642352, 240294039.044695, 2911615981.844358
9474.237831, 7472.004562, 6893.024904, 5430.331809, 2507.343712, 1974.718386
-26808.753777, -39234.228522, -22835.574273, -33410.189369, -9718.431225, -14218.471551
-7.602394, 8.866242, -14.801316, 4.699024, -6.594582, 3.401539
-588.013742, 9687.552362, -470.870995, 7598.323392, -186.285506, 2980.640254
-9458.866659, -7444.666994, -6885.284198, -5423.290276, -2504.591829, -1972.721191
26825.033184, 39241.874432, 22835.815081, 33412.416327, 9718.355197, 14218.588172
1.427799, 51.702136, -4.376159, 31.117952, -1.213370, 9.158792
-67282331.964255, -815252471.614277, -180220531.906261, -2183711986.821174, -240294041.659405, -2911615983.826435

727.548512, -11309.189040, 529.105508, -8231.688743, 194.032313, -2993.332323
108132312.683949, 1310227189.386522, 228279331.953504, 2766035177.011223, 240294039.044695, 2911615981.844358
10902.989686, 8597.565292, 7394.493646, 5825.275486, 2507.343712, 1974.718386
-31570.237256, -46200.635827, -24779.260518, -36253.883679, -9718.431225, -14218.471551
-10.694549, 9.874077, -16.120232, 5.379331, -6.594582, 3.401539
-685.913651, 11266.829845, -508.128097, 8194.451443, -186.285506, 2980.640254
-10886.015335, -8568.779473, -7386.202564, -5817.834514, -2504.591829, -1972.721191
31586.563304, 46208.729461, 24779.486120, 36256.133962, 9718.355197, 14218.588172
0.528299, 58.108902, -4.618833, 32.949710, -1.213370, 9.158792
-108132319.178695, -1310227188.655041, -228279340.238142, -2766035183.586461, -240294041.659405, -2911615983.826435

837.250259, -13015.393435, 567.911971, -8830.355208, 194.032313, -2993.332323
158594059.855543, 1921666544.425654, 276338139.762443, 3348358373.380095, 240294039.044695, 2911615981.844358
12432.035290, 9802.114757, 7895.962389, 6220.219163, 2507.343712, 1974.718386
-36720.457984, -53735.781994, -26722.946763, -39097.577989, -9718.431225, -14218.471551
-14.050487, 11.017974, -17.439148, 6.059639, -6.594582, 3.401539
-791.264980, 12965.332939, -545.385198, 8790.579494, -186.285506, 2980.640254
-12413.347684, -9771.800800, -7887.120929, -6212.378752, -2504.591829, -1972.721191
36736.827632, 53744.328017, 26723.157160, 39099.851596, 9718.355197, 14218.588172
-0.419735, 64.882020, -4.861507, 34.781468, -1.213370, 9.158792
-158594068.059512, -1921666545.048862, -276338148.570023, -3348358380.351748, -240294041.659405, -2911615983.826435

954.713300, -14841.331123, 606.718433, -9429.021672, 194.032313, -2993.332323
218667568.588926, 2649570538.738560, 324396947.571382, 3930681569.748967, 240294039.044695, 2911615981.844358
14061.374642, 11085.652957, 8397.431131, 6615.162840, 2507.343712, 1974.718386
-42259.415961, -61839.667022, -28666.633008, -41941.272299, -9718.431225, -14218.471551
-17.670208, 12.297933, -18.758065, 6.739947, -6.594582, 3.401539
-904.067730, 14783.061642, -582.642299, 9386.707544, -186.285506, 2980.640254
-14040.863706, -11053.730974, -8388.039295, -6606.922991, -2504.591829, -1972.721191
42275.826168, 61848.670100, 28666.828199, 41943.569230, 9718.355197, 14218.588172
-1.416304, 72.021490, -5.104181, 36.613227, -1.213370, 9.158792
-218667578.606705, -2649570540.795740, -324396956.901904, -3930681577.117036, -240294041.659405, -2911615983.826435

1079.937633, -16787.002104, 645.524896, -10027.688137, 194.032313, -2993.332323
288352838.884096, 3493939172.325241, 372455755.380321, 4513004766.117838, 240294039.044695, 2911615981.844358
15791.007742, 12448.179893, 8898.899874, 7010.106518, 2507.343712, 1974.718386
-48187.111187, -70512.290913, -30610.319253, -44784.966609, -9718.431225, -14218.471551
-21.553712, 13.713953, -20.076981, 7.420255, -6.594582, 3.401539
-1024.321900, 16720.015956, -619.899400, 9982.835595, -186.285506, 2980.640254
-15768.563402, -12414.569996, -8888.957661, -7001.467229, -2504.591829, -1972.721191
48203.558911, 70521.755709, 30610.499238, 44787.286865, 9718.355197, 14218.588172
-2.461407, 79.527311, -5.346855, 38.444985, -1.213370, 9.158792
-288352850.820273, -3493939175.895676, -372455765.233785, -4513004773.882323, -240294041.659405, -2911615983.826435

1212.923258, -18852.406377, 684.331359, -10626.354602, 194.032313, -2993.332323
367649870.741054, 4454772445.185696, 420514563.189260, 5095327962.486710, 240294039.044695, 2911615981.844358
17620.934591, 13889.695564, 9400.368616, 7405.050195, 2507.343712, 1974.718386
-54503.543663, -79753.653666, -32554.005498, -47628.660920, -9718.431225, -14218.471551
-25.701000, 15.266035, -21.395897, 8.100562, -6.594582, 3.401539
-1152.027490, 18776.195880, -657.156501, 10578.963646, -186.285506, 2980.640254
-17596.446771, -13854.317865, -9389.876026, -7396.011467, -2504.591829, -1972.721191
54520.025863, 79763.584845, 32554.170278, 47631.004499, 9718.355197, 14218.588172
-3.555046, 87.399484, -5.589529, 40.276743, -1.213370, 9.158792
-367649884.700218, -4454772450.348669, -420514573.565666, -5095327970.647611, -240294041.659405, -2911615983.826435

1353.670176, -21037.543944, 723.137821, -11225.021066, 194.032313, -2993.332323
456558664.159800, 5532070357.319925, 468573370.998199, 5677651158.855581, 240294039.044695, 2911615981.844358
19551.155189, 15410.199971, 9901.837358, 7799.993872, 2507.343712, 1974.718386
-61208.713387, -89563.755281, -34497.691744, -50472.355230, -9718.431225, -14218.471551
-30.112071, 16.954178, -22.714814, 8.780870, -6.594582, 3.401539
-1287.184500, 20951.601415, -694.413602, 11175.091697, -186.285506, 2980.640254
-19524.513813, -15372.974583, -9890.794392, -7790.555705, -2504.591829, -1972.721191
61225.227022, 89574.157509, 34497.841317, 50474.722133, 9718.355197, 14218.588172
-4.697219, 95.638008, -5.832203, 42.108502, -1.213370, 9.158792
-456558680.246540, -5532070364.154720, -468573381.897546, -5677651167.412898, -240294041.659405, -2911615983.826435

1502.178387, -23342.414804, 761.944284, -11823.687531, 194.032313, -2993.332323
555079219.140333, 6725832908.727928, 516632178.807138, 6259974355.224453, 240294039.044695, 2911615981.844358
21581.669535, 17009.693113, 10403.306101, 8194.937549, 2507.343712, 1974.718386
-68302.620360, -99942.595758, -36441.377989, -53316.049540, -9718.431225, -14218.471551
-34.786926, 18.778383, -24.033730, 9.461178, -6.594582, 3.401539
-1429.792931, 23246.232559, -731.670703, 11771.219747, -186.285506, 2980.640254
-21552.764528, -16970.540148, -10391.712758, -8185.099944, -2504.591829, -1972.721191
68319.162390, 99953.473699, 36441.512356, 53318.439768, 9718.355197, 14218.588172
-5.887927, 104.242884, -6.074877, 43.940260, -1.213370, 9.158792
-555079237.459237, -6725832917.313828, -516632190.229427, -6259974364.178185, -240294041.659405, -2911615983.826435

1658.447890, -25767.018957, 800.750746, -12422.353996, 194.032313, -2993.332323
663211535.682655, 8036060099.409706, 564690986.616077, 6842297551.593325, 240294039.044695, 2911615981.844358
23712.477629, 18688.174990, 10904.774843, 8589.881227, 2507.343712, 1974.718386
-75785.264582, -110890.175097, -38385.064234, -56159.743850, -9718.431225, -14218.471551
-39.725563, 20.738649, -25.352646, 10.141486, -6.594582, 3.401539
-1579.852782, 25660.089314, -768.927805, 12367.347798, -186.285506, 2980.640254
-23681.198916, -18647.014560, -10892.631124, -8579.644182, -2504.591829, -1972.721191
75801.831965, 110901.533416, 38385.183395, 56162.157402, 9718.355197, 14218.588172
-7.127170, 113.214112, -6.317551, 45.772018, -1.213370, 9.158792
-663211556.338311, -8036060109.825994, -564690998.561308, -6842297560.943473, -240294041.659405, -2911615983.826435

1822.478685, -28311.356402, 839.557209, -13021.020460, 194.032313, -2993.332323
780955613.786764, 9462751929.365257, 612749794.425016, 7424620747.962196, 240294039.044695, 2911615981.844358
25943.579472, 20445.645603, 11406.243585, 8984.824904, 2507.343712, 1974.718386
-83656.646053, -122406.493298, -40328.750479, -59003.438161, -9718.431225, -14218.471551
-44.927984, 22.834977, -26.671563, 10.821793, -6.594582, 3.401539
-1737.364053, 28193.171678, -806.184906, 12963.475849, -186.285506, 2980.640254
-25909.816977, -20402.397820, -11393.549489, -8974.188420, -2504.591829, -1972.721191
83673.235748, 122418.336659, 40328.854435, 59005.875036, 9718.355197, 14218.588172
-8.414947, 122.551692, -6.560225, 47.603777, -1.213370, 9.158792
-780955636.883760, -9462751941.691217, -612749806.893189, -7424620757.708760, -240294041.659405, -2911615983.826435

1994.270773, -30975.427141, 878.363671, -13619.686925, 194.032313, -2993.332323
908311453.452661, 11005908398.594584, 660808602.233955, 8006943944.331068, 240294039.044695, 2911615981.844358
28274.975063, 22282.104952, 11907.712328, 9379.768581, 2507.343712, 1974.718386
-91916.764774, -134491.550362, -42272.436724, -61847.132471, -9718.431225, -14218.471551
-50.394189, 25.067366, -27.990479, 11.502101, -6.594582, 3.401539
-1902.326744, 30845.479653, -843.442007, 13559.603900, -186.285506, 2980.640254
-28238.618711, -22236.689928, -11894.467855, -9368.732658, -2504.591829, -1972.721191
91933.373739, 134503.883430, 42272.525474, 61849.592670, 9718.355197, 14218.588172
-9.751260, 132.255623, -6.802899, 49.435535, -1.213370, 9.158792
-908311479.095586, -11005908412.909498, -660808615.225070, -8006943954.474048, -240294041.659405, -2911615983.826435

2173.824154, -33759.231172, 917.170134, -14218.353390, 194.032313, -2993.332323
1045279054.680346, 12665529507.097685, 708867410.042894, 8589267140.699940, 240294039.044695, 2911615981.844358
30706.664403, 24197.553036, 12409.181070, 9774.712258, 2507.343712, 1974.718386
-100565.620743, -147145.346287, -44216.122969, -64690.826781, -9718.431225, -14218.471551
-56.124176, 27.435817, -29.309396, 12.182409, -6.594582, 3.401539
-2074.740855, 33617.013238, -880.699108, 14155.731950, -186.285506, 2980.640254
-30667.604119, -24149.890884, -12395.386221, -9763.276897, -2504.591829, -1972.721191
100582.245938, 147158.173728, 44216.196513, 64693.310305, 9718.355197, 14218.588172
-11.136107, 142.325906, -7.045573, 51.267293, -1.213370, 9.158792
-1045279082.973789, -12665529523.480837, -708867423.556952, -8589267151.239335, -240294041.659405, -2911615983.826435

2361.138827, -36662.768496, 955.976597, -14817.019854, 194.032313, -2993.332323
1191858417.469818, 14441615254.874559, 756926217.851833, 9171590337.068813, 240294039.044695, 2911615981.844358
33238.647491, 26191.989855, 12910.649812, 10169.655936, 2507.343712, 1974.718386
-109603.213961, -160367.881074, -46159.809214, -67534.521091, -9718.431225, -14218.471551
-62.117947, 29.940330, -30.628312, 12.862717, -6.594582, 3.401539
-2254.606387, 36507.772433, -917.956209, 14751.860001, -186.285506, 2980.640254
-33196.773200, -26142.000687, -12896.304586, -10157.821135, -2504.591829, -1972.721191
109619.852344, 160381.207552, 46159.867553, 67537.027939, 9718.355197, 14218.588172
-12.569489, 152.762540, -7.288248, 53.099052, -1.213370, 9.158792
-1191858448.518367, -14441615273.405233, -756926231.888833, -9171590348.004622, -240294041.659405, -2911615983.826435

2556.214793, -39686.039114, 994.783059, -15415.686319, 194.032313, -2993.332323
1348049541.821079, 16334165641.925209, 804985025.660771, 9753913533.437687, 240294039.044695, 2911615981.844358
35870.924328, 28265.415410, 13412.118555, 10564.599613, 2507.343712, 1974.718386
-119029.544428, -174159.154723, -48103.495459, -70378.215402, -9718.431225, -14218.471551
-68.375501, 32.580904, -31.947228, 13.543024, -6.594582, 3.401539
-2441.923339, 39517.757239, -955.213310, 15347.988052, -186.285506, 2980.640254
-35826.125954, -28213.019338, -13397.222952, -10552.365373, -2504.591829, -1972.721191
119046.192959, 174172.984903, 48103.538592, 70380.745573, 9718.355197, 14218.588172
-14.051406, 163.565526, -7.530922, 54.930810, -1.213370, 9.158792
-1348049575.729322, -16334165662.682686, -804985040.220714, -9753913544.769907, -240294041.659405, -2911615983.826435

2759.052051, -42829.043024, 1033.589522, -16014.352784, 194.032313, -2993.332323
1513852427.734127, 18343180668.249634, 853043833.469710, 10336236729.806561, 240294039.044695, 2911615981.844358
38603.494913, 30417.829700, 13913.587297, 10959.543290, 2507.343712, 1974.718386
-128844.612145, -188519.167235, -50047.181704, -73221.909712, -9718.431225, -14218.471551
-74.896838, 35.357540, -33.266145, 14.223332, -6.594582, 3.401539
-2636.691711, 42646.967654, -992.470411, 15944.116103, -186.285506, 2980.640254
-38555.662381, -30362.946836, -13898.141318, -10946.909611, -2504.591829, -1972.721191
128861.267781, 188533.505781, 50047.209631, 73224.463208, 9718.355197, 14218.588172
-15.581858, 174.734864, -7.773596, 56.762568, -1.213370, 9.158792
-1513852464.606652, -18343180691.313194, -853043848.552595, -10336236741.535192, -240294041.659405, -2911615983.826435

2969.650601, -46091.780227, 1072.395984, -16613.019248, 194.032313, -2993.332323
1689267075.208963, 20468660333.847832, 901102641.278649, 10918559926.175434, 240294039.044695, 2911615981.844358
41436.359247, 32649.232726, 14415.056039, 11354.486967, 2507.343712, 1974.718386
-139048.417110, -203447.918608, -51990.867949, -76065.604022, -9718.431225, -14218.471551
-81.681959, 38.270237, -34.585061, 14.903640, -6.594582, 3.401539
-2838.911504, 45895.403680, -1029.727513, 16540.244153, -186.285506, 2980.640254
-41385.382481, -32591.783182, -14399.059684, -11341.453850, -2504.591829, -1972.721191
139065.076811, 203462.770186, 51990.880671, 76068.180842, 9718.355197, 14218.588172
-17.160844, 186.270554, -8.016270, 58.594327, -1.213370, 9.158792
-1689267115.150360, -20468660359.296761, -901102656.884476, -10918559938.300478, -240294041.659405, -2911615983.826435

3188.010444, -49474.250723, 1111.202447, -17211.685713, 194.032313, -2993.332323
1874293484.245587, 22710604638.719807, 949161449.087588, 11500883122.544308, 240294039.044695, 2911615981.844358
44369.517329, 34959.624487, 14916.524782, 11749.430645, 2507.343712, 1974.718386
-149640.959324, -218945.408844, -53934.554194, -78909.298332, -9718.431225, -14218.471551
-88.730863, 41.318995, -35.903977, 15.583947, -6.594582, 3.401539
-3048.582716, 49263.065315, -1066.984614, 17136.372204, -186.285506, 2980.640254
-44315.286254, -34899.528376, -14899.978049, -11735.998088, -2504.591829, -1972.721191
149657.620049, 218960.778118, 53934.551710, 78911.898476, 9718.355197, 14218.588172
-18.788366, 198.172595, -8.258944, 60.426085, -1.213370, 9.158792
-1874293527.360443, -22710604666.633385, -949161465.216357, -11500883135.065763, -240294041.659405, -2911615983.826435

3414.131580, -52976.454512, 1150.008910, -17810.352178, 194.032313, -2993.332323
2068931654.843998, 25069013582.865555, 997220256.896527, 12083206318.913181, 240294039.044695, 2911615981.844358
47402.969159, 37349.004984, 15417.993524, 12144.374322, 2507.343712, 1974.718386
-160622.238788, -235011.637941, -55878.240439, -81752.992643, -9718.431225, -14218.471551
-96.043550, 44.503816, -37.222894, 16.264255, -6.594582, 3.401539
-3265.705349, 52749.952561, -1104.241715, 17732.500255, -186.285506, 2980.640254
-47345.373700, -37286.182417, -15400.896415, -12130.542326, -2504.591829, -1972.721191
160638.897495, 235027.529577, 55878.222749, 81755.616111, 9718.355197, 14218.588172
-20.464422, 210.440988, -8.501618, 62.257843, -1.213370, 9.158792
-2068931701.236902, -25069013613.323067, -997220273.548238, -12083206331.831049, -240294041.659405, -2911615983.826435

3648.014008, -56598.391594, 1188.815372, -18409.018642, 194.032313, -2993.332323
2273181587.004198, 27543887166.285080, 1045279064.705466, 12665529515.282055, 240294039.044695, 2911615981.844358
50536.714738, 39817.374216, 15919.462266, 12539.317999, 2507.343712, 1974.718386
-171992.255500, -251646.605901, -57821.926684, -84596.686953, -9718.431225, -14218.471551
-103.620020, 47.824697, -38.541810, 16.944563, -6.594582, 3.401539
-3490.279402, 56356.065417, -1141.498816, 18328.628306, -186.285506, 2980.640254
-50475.644820, -39751.745306, -15901.814781, -12525.086564, -2504.591829, -1972.721191
172008.909149, 251663.024563, 57821.893789, 84599.333745, 9718.355197, 14218.588172
-22.189013, 223.075732, -8.744292, 64.089602, -1.213370, 9.158792
-2273181636.779738, -27543887199.365807, -1045279081.880119, -12665529528.596334, -240294041.659405, -2911615983.826435

3889.657729, -60340.061969, 1227.621835, -19007.685107, 194.032313, -2993.332323
2487043280.726185, 30135225388.978378, 1093337872.514405, 13247852711.650928, 240294039.044695, 2911615981.844358
53770.754066, 42364.732183, 16420.931009, 12934.261676, 2507.343712, 1974.718386
-183751.009461, -268850.312722, -59765.612929, -87440.381263, -9718.431225, -14218.471551
-111.460274, 51.281641, -39.860727, 17.624871, -6.594582, 3.401539
-3722.304875, 60081.403884, -1178.755917, 18924.756356, -186.285506, 2980.640254
-53706.099613, -42296.217043, -16402.733147, -12919.630803, -2504.591829, -1972.721191
183767.655010, 268867.263075, 59765.564828, 87443.051379, 9718.355197, 14218.588172
-23.962139, 236.076828, -8.986966, 65.921360, -1.213370, 9.158792
-2487043333.988950, -30135225424.761604, -1093337890.212000, -13247852725.361620, -240294041.659405, -2911615983.826435

4139.062742, -64201.465637, 1266.428297, -19606.351572, 194.032313, -2993.332323
2710516736.009960, 32843028250.945450, 1141396680.323344, 13830175908.019802, 240294039.044695, 2911615981.844358
57105.087142, 44991.078886, 16922.399751, 13329.205354, 2507.343712, 1974.718386
-195898.500672, -286622.758406, -61709.299174, -90284.075573, -9718.431225, -14218.471551
-119.564311, 54.874646, -41.179643, 18.305178, -6.594582, 3.401539
-3961.781769, 63925.967960, -1216.013018, 19520.884407, -186.285506, 2980.640254
-57036.738079, -44919.597627, -16903.651512, -13314.175041, -2504.591829, -1972.721191
195915.135080, 286640.245114, 61709.235867, 90286.769014, 9718.355197, 14218.588172
-25.783799, 249.444276, -9.229640, 67.753118, -1.213370, 9.158792
-2710516792.864538, -32843028289.510456, -1141396698.543881, -13830175922.126905, -240294041.659405, -2911615983.826435

4396.229048, -68182.602598, 1305.234760, -20205.018036, 194.032313, -2993.332323
2943601952.855523, 35667295752.186295, 1189455488.132283, 14412499104.388676, 240294039.044695, 2911615981.844358
60539.713966, 47696.414325, 17423.868494, 13724.149031, 2507.343712, 1974.718386
-208434.729131, -304963.942952, -63652.985419, -93127.769884, -9718.431225, -14218.471551
-127.932131, 58.603712, -42.498559, 18.985486, -6.594582, 3.401539
-4208.710083, 67889.757647, -1253.270119, 20117.012458, -186.285506, 2980.640254
-60467.560218, -47621.887059, -17404.569878, -13708.719279, -2504.591829, -1972.721191
208451.349357, 304981.970680, 63652.906906, 93130.486648, 9718.355197, 14218.588172
-27.653995, 263.178076, -9.472314, 69.584877, -1.213370, 9.158792
-2943602013.406502, -35667295793.612366, -1189455506.875762, -14412499118.892191, -240294041.659405, -2911615983.826435

4661.156646, -72283.472852, 1344.041222, -20803.684501, 194.032313, -2993.332323
3186298931.262873, 38608027892.700920, 1237514295.941222, 14994822300.757549, 240294039.044695, 2911615981.844358
64074.634539, 50480.738499, 17925.337236, 14119.092708, 2507.343712, 1974.718386
-221359.694839, -323873.866360, -65596.671664, -95971.464194, -9718.431225, -14218.471551
-136.563734, 62.468840, -43.817476, 19.665794, -6.594582, 3.401539
-4463.089817, 71972.772943, -1290.527221, 20713.140509, -186.285506, 2980.640254
-63998.566030, -50403.085339, -17905.488244, -14103.263517, -2504.591829, -1972.721191
221376.297843, 323892.439774, 65596.577946, 95974.204282, 9718.355197, 14218.588172
-29.572725, 277.278227, -9.714988, 71.416635, -1.213370, 9.158792
-3186298995.614842, -38608027937.067337, -1237514315.207643, -14994822315.657476, -240294041.659405, -2911615983.826435

4933.845537, -76504.076398, 1382.847685, -21402.350965, 194.032313, -2993.332323
3438607671.232012, 41665224672.489319, 1285573103.750161, 15577145497.126423, 240294039.044695, 2911615981.844358
67709.848861, 53344.051408, 18426.805978, 14514.036385, 2507.343712, 1974.718386
-234673.397797, -343352.528629, -67540.357909, -98815.158504, -9718.431225, -14218.471551
-145.459121, 66.470030, -45.136392, 20.346102, -6.594582, 3.401539
-4724.920971, 76175.013850, -1327.784322, 21309.268560, -186.285506, 2980.640254
-67629.755515, -53263.192466, -18406.406609, -14497.807756, -2504.591829, -1972.721191
234689.980536, 343371.652393, 67540.248985, 98817.921917, 9718.355197, 14218.588172
-31.539990, 291.744730, -9.957662, 73.248393, -1.213370, 9.158792
-3438607739.489559, -41665224719.875359, -1285573123.539524, -15577145512.422762, -240294041.659405, -2911615983.826435

5214.295720, -80844.413238, 1421.654148, -22001.017430, 194.032313, -2993.332323
3700528172.762938, 44838886091.551491, 1333631911.559100, 16159468693.495296, 240294039.044695, 2911615981.844358
71445.356931, 56286.353053, 18928.274721, 14908.980063, 2507.343712, 1974.718386
-248375.838003, -363399.929761, -69484.044154, -101658.852814, -9718.431225, -14218.471551
-154.618291, 70.607281, -46.455308, 21.026409, -6.594582, 3.401539
-4994.203545, 80496.480367, -1365.041423, 21905.396610, -186.285506, 2980.640254
-71361.128674, -56202.208441, -18907.324975, -14892.351994, -2504.591829, -1972.721191
248392.397437, 363419.608540, 69483.920024, 101661.639551, 9718.355197, 14218.588172
-33.555790, 306.577584, -10.200336, 75.080152, -1.213370, 9.158792
-3700528245.030652, -44838886142.036438, -1333631931.871405, -16159468709.188047, -240294041.659405, -2911615983.826435

5502.507196, -85304.483370, 1460.460610, -22599.683895, 194.032313, -2993.332323
3972060435.855652, 48129012149.887436, 1381690719.368039, 16741791889.864170, 240294039.044695, 2911615981.844358
75281.158749, 59307.643433, 19429.743463, 15303.923740, 2507.343712, 1974.718386
-262467.015459, -384016.069755, -71427.730400, -104502.547125, -9718.431225, -14218.471551
-164.041245, 74.880594, -47.774225, 21.706717, -6.594582, 3.401539
-5270.937540, 84937.172494, -1402.298524, 22501.524661, -186.285506, 2980.640254
-75192.685505, -59220.133264, -19408.243341, -15286.896232, -2504.591829, -1972.721191
262483.548545, 384036.308214, 71427.591064, 104505.357185, 9718.355197, 14218.588172
-35.620124, 321.776790, -10.443010, 76.911910, -1.213370, 9.158792
-3972060512.238121, -48129012203.550575, -1381690740.203286, -16741791905.953333, -240294041.659405, -2911615983.826435

5798.479964, -89884.286796, 1499.267073, -23198.350359, 194.032313, -2993.332323
4253204460.510154, 51535602847.497154, 1429749527.176978, 17324115086.233044, 240294039.044695, 2911615981.844358
79217.254316, 62407.922549, 19931.212205, 15698.867417, 2507.343712, 1974.718386
-276946.930163, -405200.948611, -73371.416645, -107346.241435, -9718.431225, -14218.471551
-173.727981, 79.289968, -49.093141, 22.387025, -6.594582, 3.401539
-5555.122955, 89497.090231, -1439.555625, 23097.652712, -186.285506, 2980.640254
-79124.426010, -62316.966934, -19909.161707, -15681.440470, -2504.591829, -1972.721191
276963.433862, 405221.751414, 73371.262103, 107349.074820, 9718.355197, 14218.588172
-37.732994, 337.342348, -10.685684, 78.743668, -1.213370, 9.158792
-4253204541.111966, -51535602904.417770, -1429749548.535167, -17324115102.718620, -240294041.659405, -2911615983.826435

6102.214025, -94583.823514, 1538.073535, -23797.016824, 194.032313, -2993.332323
4543960246.726443, 55058658184.380653, 1477808334.985917, 17906438282.601917, 240294039.044695, 2911615981.844358
83253.643631, 65587.190400, 20432.680948, 16093.811094, 2507.343712, 1974.718386
-291815.582116, -426954.566329, -75315.102890, -110189.935745, -9718.431225, -14218.471551
-183.678501, 83.835404, -50.412058, 23.067333, -6.594582, 3.401539
-5846.759790, 94176.233579, -1476.812726, 23693.780763, -186.285506, 2980.640254
-83156.350188, -65492.709452, -20410.080072, -16075.984709, -2504.591829, -1972.721191
291832.053387, 426975.938142, 75314.933142, 110192.792454, 9718.355197, 14218.588172
-39.894398, 353.274258, -10.928358, 80.575427, -1.213370, 9.158792
-4543960331.652187, -55058658244.638023, -1477808356.867048, -17906438299.483910, -240294041.659405, -2911615983.826435

6413.709378, -99403.093525, 1576.879998, -24395.683289, 194.032313, -2993.332323
4844327794.504520, 58698178160.537926, 1525867142.794856, 18488761478.970791, 240294039.044695, 2911615981.844358
87390.326695, 68845.446986, 20934.149690, 16488.754772, 2507.343712, 1974.718386
-307072.971319, -449276.922909, -77258.789135, -113033.630055, -9718.431225, -14218.471551
-193.892804, 88.516901, -51.730974, 23.747640, -6.594582, 3.401539
-6145.848046, 98974.602537, -1514.069827, 24289.908813, -186.285506, 2980.640254
-87288.458039, -68747.360818, -20910.998438, -16470.528947, -2504.591829, -1972.721191
307089.407119, 449298.868396, 77258.604182, 113036.510088, 9718.355197, 14218.588172
-42.104337, 369.572519, -11.171032, 82.407185, -1.213370, 9.158792
-4844327883.858786, -58698178224.211334, -1525867165.198929, -18488761496.249199, -240294041.659405, -2911615983.826435

6732.966024, -104342.096830, 1615.686461, -24994.349753, 194.032313, -2993.332323
5154307103.844385, 62454162775.968971, 1573925950.603795, 19071084675.339664, 240294039.044695, 2911615981.844358
91627.303507, 72182.692309, 21435.618432, 16883.698449, 2507.343712, 1974.718386
-322719.097770, -472168.018351, -79202.475380, -115877.324366, -9718.431225, -14218.471551
-204.370891, 93.334460, -53.049890, 24.427948, -6.594582, 3.401539
-6452.387721, 103892.197104, -1551.326929, 24886.036864, -186.285506, 2980.640254
-91520.749563, -72080.921031, -21411.916804, -16865.073185, -2504.591829, -1972.721191
322735.495059, 472190.542177, 79202.275221, 115880.227723, 9718.355197, 14218.588172
-44.362811, 386.237132, -11.413706, 84.238943, -1.213370, 9.158792
-5154307197.731760, -62454162843.137703, -1573925973.530810, -19071084693.014488, -240294041.659405, -2911615983.826435

7059.983963, -109400.833427, 1654.492923, -25593.016218, 194.032313, -2993.332323
5473898174.746038, 66326612030.673790, 1621984758.412734, 19653407871.708538, 240294039.044695, 2911615981.844358
95964.574068, 75598.926366, 21937.087175, 17278.642126, 2507.343712, 1974.718386
-338753.961471, -495627.852655, -81146.161625, -118721.018676, -9718.431225, -14218.471551
-215.112760, 98.288080, -54.368807, 25.108256, -6.594582, 3.401539
-6766.378817, 108929.017282, -1588.584030, 25482.164915, -186.285506, 2980.640254
-95853.224760, -75493.390092, -21912.835169, -17259.617423, -2504.591829, -1972.721191
338770.317207, 495650.959485, 81145.946260, 118723.945357, 9718.355197, 14218.588172
-46.669819, 403.268096, -11.656380, 86.070702, -1.213370, 9.158792
-5473898273.271111, -66326612101.417130, -1621984781.862691, -19653407889.779778, -240294041.659405, -2911615983.826435

7394.763194, -114579.303317, 1693.299386, -26191.682683, 194.032313, -2993.332323
5803101007.209479, 70315525924.652390, 1670043566.221673, 20235731068.077412, 240294039.044695, 2911615981.844358
100402.138377, 79094.149159, 22438.555917, 17673.585803, 2507.343712, 1974.718386
-355177.562420, -519656.425822, -83089.847870, -121564.712986, -9718.431225, -14218.471551
-226.118413, 103.377762, -55.687723, 25.788564, -6.594582, 3.401539
-7087.821333, 114085.063070, -1625.841131, 26078.292966, -186.285506, 2980.640254
-100285.883631, -78984.768000, -22413.753535, -17654.161662, -2504.591829, -1972.721191
355193.873563, 519680.120320, 83089.617300, 121567.662991, 9718.355197, 14218.588172
-49.025363, 420.665412, -11.899054, 87.902460, -1.213370, 9.158792
-5803101110.476837, -70315525999.049622, -1670043590.194572, -20235731086.545067, -240294041.659405, -2911615983.826435

7737.303717, -119877.506500, 1732.105848, -26790.349147, 194.032313, -2993.332323
6141915601.234708, 74420904457.904755, 1718102374.030612, 20818054264.446285, 240294039.044695, 2911615981.844358
104939.996435, 82668.360687, 22940.024659, 18068.529481, 2507.343712, 1974.718386
-371989.900619, -544253.737850, -85033.534115, -124408.407296, -9718.431225, -14218.471551
-237.387849, 108.603505, -57.006639, 26.468871, -6.594582, 3.401539
-7416.715269, 119360.334468, -1663.098232, 26674.421016, -186.285506, 2980.640254
-104818.726174, -82555.054756, -22914.671901, -18048.705900, -2504.591829, -1972.721191
372006.164127, 544278.024682, 85033.288339, 124411.380626, 9718.355197, 14218.588172
-51.429441, 438.429080, -12.141728, 89.734218, -1.213370, 9.158792
-6141915709.348940, -74420904536.035156, -1718102398.526453, -20818054283.310356, -240294041.659405, -2911615983.826435

8087.605533, -125295.442976, 1770.912311, -27389.015612, 194.032313, -2993.332323
6490341956.821724, 78642747630.430893, 1766161181.839551, 21400377460.815159, 240294039.044695, 2911615981.844358
109578.148241, 86321.560951, 23441.493402, 18463.473158, 2507.343712, 1974.718386
-389190.976066, -569419.788740, -86977.220360, -127252.101607, -9718.431225, -14218.471551
-248.921069, 113.965311, -58.325556, 27.149179, -6.594582, 3.401539
-7753.060626, 124754.831477, -1700.355333, 27270.549067, -186.285506, 2980.640254
-109451.752391, -86204.250360, -23415.590267, -18443.250138, -2504.591829, -1972.721191
389207.188899, 569444.672570, 86976.959378, 127255.098260, 9718.355197, 14218.588172
-53.882054, 456.559099, -12.384402, 91.565977, -1.213370, 9.158792
-6490342069.887419, -78642747712.373749, -1766161206.858335, -21400377480.075645, -240294041.659405, -2911615983.826435

8445.668641, -130833.112745, 1809.718774, -27987.682077, 194.032313, -2993.332323
6848380073.970528, 82981055442.230804, 1814219989.648490, 21982700657.184032, 240294039.044695, 2911615981.844358
114316.593795, 90053.749950, 23942.962144, 18858.416835, 2507.343712, 1974.718386
-406780.788763, -595154.578493, -88920.906605, -130095.795917, -9718.431225, -14218.471551
-260.718072, 119.463177, -59.644472, 27.829487, -6.594582, 3.401539
-8096.857403, 130268.554095, -1737.612434, 27866.677118, -186.285506, 2980.640254
-114184.962281, -89932.354811, -23916.508632, -18837.794376, -2504.591829, -1972.721191
406796.947879, 595180.063986, 88920.630418, 130098.815894, 9718.355197, 14218.588172
-56.383202, 475.055471, -12.627076, 93.397735, -1.213370, 9.158792
-6848380192.092274, -82981055528.065399, -1814220015.190216, -21982700676.840935, -240294041.659405, -2911615983.826435

8811.493042, -136490.515806, 1848.525236, -28586.348541, 194.032313, -2993.332323
7216029952.681120, 87435827893.304504, 1862278797.457429, 22565023853.552906, 240294039.044695, 2911615981.844358
119155.333099, 93864.927685, 24444.430887, 19253.360512, 2507.343712, 1974.718386
-424759.338708, -621458.107107, -90864.592850, -132939.490227, -9718.431225, -14218.471551
-272.778858, 125.097105, -60.963388, 28.509795, -6.594582, 3.401539
-8448.105600, 135901.502324, -1774.869535, 28462.805169, -186.285506, 2980.640254
-119018.355844, -93739.368111, -24417.426998, -19232.338615, -2504.591829, -1972.721191
424775.441066, 621484.198928, 90864.301457, 132942.533529, 9718.355197, 14218.588172
-58.932885, 493.918193, -12.869750, 95.229493, -1.213370, 9.158792
-7216030075.963505, -87435827983.110107, -1862278823.522097, -22565023873.606224, -240294041.659405, -2911615983.826435

9185.078736, -142267.652161, 1887.331699, -29185.015006, 194.032313, -2993.332323
7593291592.953500, 92007064983.651978, 1910337605.266368, 23147347049.921780, 240294039.044695, 2911615981.844358
124094.366150, 97755.094155, 24945.899629, 19648.304190, 2507.343712, 1974.718386
-443126.625903, -648330.374583, -92808.279095, -135783.184537, -9718.431225, -14218.471551
-285.103427, 130.867095, -62.282305, 29.190102, -6.594582, 3.401539
-8806.805217, 141653.676163, -1812.126637, 29058.933219, -186.285506, 2980.640254
-123951.933080, -97625.290257, -24918.345364, -19626.882853, -2504.591829, -1972.721191
443142.668461, 648357.077397, 92807.972496, 135786.251163, 9718.355197, 14218.588172
-61.531102, 513.147268, -13.112424, 97.061252, -1.213370, 9.158792
-7593291721.501112, -92007065077.507874, -1910337631.853978, -23147347070.371513, -240294041.659405, -2911615983.826435

