0.202843 0.196352
0.209133 0.196367
0.215207 0.196407
0.221052 0.196485
0.226658 0.196612
0.232014 0.196797
0.237111 0.197051
0.241938 0.197383
0.246487 0.197801
0.250750 0.198312
0.254720 0.198924
0.258390 0.199642
0.261753 0.200472
0.264805 0.201417
0.267541 0.202482
0.269957 0.203670
0.272049 0.204981
0.273815 0.206418
0.275253 0.207981
0.276362 0.209670
0.277141 0.211484
0.277590 0.213421
0.277710 0.215478
0.277502 0.217653
0.276969 0.219941
0.276114 0.222336
0.274940 0.224834
0.273452 0.227428
0.271654 0.230110
0.269552 0.232872
0.267153 0.235706
0.264464 0.238601
0.261493 0.241547
0.258249 0.244532
0.254740 0.247544
0.250977 0.250571
0.246970 0.253599
0.242729 0.256613
0.238268 0.259599
0.233597 0.262541
0.228729 0.265424
0.223677 0.268232
0.218453 0.270949
0.213072 0.273557
0.207547 0.276041
0.201891 0.278384
0.196118 0.280570
0.190242 0.282582
0.184275 0.284405
0.178231 0.286024
0.172124 0.287424
0.165965 0.288590
0.159768 0.289509
0.153544 0.290168
0.147306 0.290555
0.141064 0.290658
0.134830 0.290467
0.128614 0.289972
0.122426 0.289163
0.116276 0.288034
0.110172 0.286576
0.104124 0.284783
0.098140 0.282649
0.092227 0.280170
0.086394 0.277341
0.080647 0.274159
0.074993 0.270621
0.069438 0.266726
0.063988 0.262471
0.058649 0.257858
0.053427 0.252884
0.048324 0.247552
0.043348 0.241863
0.038500 0.235819
0.033786 0.229421
0.029208 0.222675
0.024770 0.215582
0.020474 0.208149
0.016323 0.200379
0.012318 0.192279
0.008460 0.183855
0.004751 0.175115
0.001191 0.166065
-0.002221 0.156716
-0.005485 0.147075
-0.008602 0.137153
-0.011574 0.126962
-0.014403 0.116512
-0.017094 0.105817
-0.019648 0.094889
-0.022072 0.083744
-0.024369 0.072396
-0.026545 0.060861
-0.028608 0.049158
-0.030563 0.037302
-0.032418 0.025313
-0.034182 0.013210
-0.035863 0.001014
-0.037470 -0.011257
-0.039012 -0.023579
-0.040500 -0.035933
-0.041944 -0.048295
-0.043353 -0.060645
-0.044738 -0.072960
-0.046109 -0.085218
-0.047477 -0.097398
-0.048850 -0.109478
-0.050240 -0.121436
-0.051655 -0.133253
-0.053104 -0.144907
-0.054596 -0.156381
-0.056139 -0.167654
-0.057740 -0.178710
-0.059406 -0.189530
-0.061143 -0.200099
-0.062958 -0.210402
-0.064854 -0.220423
-0.066838 -0.230150
-0.068911 -0.239570
-0.071079 -0.248670
-0.073342 -0.257440
-0.075705 -0.265869
-0.078168 -0.273949
-0.080732 -0.281670
-0.083398 -0.289025
-0.086166 -0.296007
-0.089037 -0.302608
-0.092010 -0.308824
-0.095083 -0.314650
-0.098255 -0.320080
-0.101525 -0.325112
-0.104891 -0.329741
-0.108350 -0.333966
-0.111899 -0.337784
-0.115537 -0.341195
-0.119259 -0.344198
-0.123061 -0.346792
-0.126941 -0.348978
-0.130894 -0.350758
-0.134914 -0.352133
-0.138998 -0.353107
-0.143140 -0.353683
-0.147334 -0.353865
-0.151575 -0.353658
-0.155855 -0.353068
-0.160169 -0.352101
-0.164508 -0.350766
-0.168865 -0.349070
-0.173232 -0.347022
-0.177600 -0.344633
-0.181960 -0.341914
-0.186302 -0.338876
-0.190617 -0.335533
-0.194893 -0.331898
-0.199119 -0.327985
-0.203285 -0.323810
-0.207379 -0.319389
-0.211388 -0.314737
-0.215300 -0.309873
-0.219103 -0.304813
-0.222783 -0.299577
-0.226328 -0.294181
-0.229726 -0.288645
-0.232963 -0.282988
-0.236027 -0.277227
-0.238905 -0.271381
-0.241586 -0.265469
-0.244057 -0.259508
-0.246307 -0.253515
-0.248326 -0.247508
-0.250102 -0.241502
-0.251627 -0.235513
-0.252892 -0.229557
-0.253887 -0.223646
-0.254606 -0.217795
-0.255041 -0.212015
-0.255187 -0.206319
-0.255037 -0.200717
-0.254587 -0.195219
-0.253833 -0.189833
-0.252771 -0.184568
-0.251400 -0.179432
-0.249717 -0.174430
-0.247722 -0.169569
-0.245414 -0.164853
-0.242792 -0.160287
-0.239860 -0.155873
-0.236617 -0.151614
-0.233067 -0.147512
-0.229211 -0.143568
-0.225055 -0.139782
-0.220602 -0.136155
-0.215858 -0.132684
-0.210827 -0.129367
-0.205515 -0.126203
-0.199931 -0.123188
-0.194080 -0.120317
-0.187972 -0.117585
-0.181615 -0.114987
-0.175018 -0.112517
-0.168191 -0.110167
-0.161144 -0.107928
-0.153889 -0.105794
-0.146438 -0.103753
-0.138802 -0.101795
-0.130995 -0.099911
-0.123029 -0.098089
-0.114918 -0.096316
-0.106676 -0.094580
-0.098318 -0.092869
-0.089858 -0.091168
-0.081312 -0.089465
-0.072694 -0.087745
-0.064020 -0.085995
-0.055305 -0.084201
-0.046564 -0.082348
-0.037813 -0.080423
-0.029067 -0.078413
-0.020342 -0.076303
-0.011651 -0.074082
-0.003009 -0.071737
0.005568 -0.069256
0.014068 -0.066627
0.022477 -0.063840
0.030782 -0.060885
0.038970 -0.057752
0.047030 -0.054433
0.054949 -0.050920
0.062716 -0.047206
0.070321 -0.043285
0.077754 -0.039150
0.085004 -0.034797
0.092064 -0.030222
0.098924 -0.025421
0.105577 -0.020392
0.112015 -0.015132
0.118231 -0.009641
0.124218 -0.003918
0.129971 0.002037
0.135484 0.008223
0.140752 0.014639
0.145772 0.021282
0.150539 0.028150
0.155050 0.035239
0.159302 0.042545
0.163295 0.050062
0.167025 0.057786
0.170493 0.065709
0.173698 0.073825
0.176641 0.082125
0.179323 0.090600
0.181747 0.099241
0.183914 0.108038
0.185829 0.116978
0.187496 0.126049
0.188919 0.135238
0.190104 0.144532
0.191058 0.153914
0.191788 0.163369
0.192301 0.172880
0.192607 0.182430
0.192715 0.192000
0.192634 0.201572
0.192375 0.211125
0.191949 0.220641
0.191366 0.230097
0.190637 0.239475
0.189776 0.248751
0.188793 0.257907
0.187701 0.266921
0.186510 0.275771
0.185234 0.284439
0.183882 0.292903
0.182467 0.301145
0.180999 0.309145
0.179489 0.316885
0.177946 0.324349
0.176380 0.331518
0.174801 0.338378
0.173216 0.344914
0.171635 0.351112
0.170063 0.356959
0.168508 0.362442
0.166977 0.367551
0.165474 0.372276
0.164007 0.376606
0.162579 0.380535
0.161195 0.384053
0.159859 0.387155
0.158574 0.389835
0.157344 0.392086
0.156171 0.393906
0.155059 0.395289
0.154008 0.396234
0.153022 0.396737
0.152101 0.396797
0.151246 0.396414
0.150459 0.395586
0.149741 0.394314
0.149091 0.392599
0.148510 0.390443
0.147997 0.387848
0.147552 0.384816
0.147174 0.381351
0.146862 0.377458
0.146615 0.373141
0.146429 0.368406
0.146304 0.363259
0.146237 0.357708
0.146223 0.351761
0.146260 0.345426
0.146344 0.338714
0.146470 0.331633
0.146632 0.324197
0.146826 0.316418
0.147044 0.308308
0.147280 0.299882
0.147527 0.291155
0.147777 0.282144
0.148021 0.272864
0.148251 0.263334
0.148456 0.253572
0.148627 0.243597
0.148753 0.233430
0.148825 0.223091
0.148830 0.212600
0.148759 0.201980
0.148599 0.191250
0.148340 0.180434
0.147971 0.169553
0.147479 0.158627
0.146856 0.147679
0.146090 0.136730
0.145171 0.125799
0.144091 0.114906
0.142839 0.104072
0.141407 0.093314
0.139789 0.082650
0.137976 0.072097
0.135962 0.061671
0.133742 0.051387
0.131312 0.041260
0.128665 0.031303
0.125800 0.021529
0.122714 0.011948
0.119404 0.002573
0.115869 -0.006588
0.112109 -0.015526
0.108124 -0.024231
0.103913 -0.032696
0.099480 -0.040915
0.094824 -0.048882
0.089948 -0.056591
0.084856 -0.064038
0.079551 -0.071218
0.074037 -0.078128
0.068317 -0.084766
0.062398 -0.091130
0.056284 -0.097217
0.049981 -0.103028
0.043495 -0.108563
0.036833 -0.113821
0.030003 -0.118805
0.023011 -0.123516
0.015866 -0.127957
0.008577 -0.132131
0.001153 -0.136042
-0.006397 -0.139696
-0.014063 -0.143098
-0.021835 -0.146254
-0.029701 -0.149172
-0.037650 -0.151859
-0.045671 -0.154325
-0.053750 -0.156578
-0.061876 -0.158629
-0.070035 -0.160488
-0.078214 -0.162168
-0.086398 -0.163680
-0.094575 -0.165037
-0.102729 -0.166253
-0.110845 -0.167340
-0.118910 -0.168312
-0.126908 -0.169185
-0.134825 -0.169971
-0.142645 -0.170686
-0.150354 -0.171345
-0.157938 -0.171961
-0.165381 -0.172548
-0.172670 -0.173121
-0.179791 -0.173693
-0.186730 -0.174277
-0.193475 -0.174886
-0.200013 -0.175532
-0.206332 -0.176226
-0.212420 -0.176979
-0.218268 -0.177802
-0.223863 -0.178704
-0.229198 -0.179693
-0.234262 -0.180777
-0.239047 -0.181964
-0.243547 -0.183260
-0.247752 -0.184671
-0.251658 -0.186200
-0.255259 -0.187853
-0.258549 -0.189633
-0.261524 -0.191542
-0.264180 -0.193582
-0.266515 -0.195753
-0.268526 -0.198057
-0.270211 -0.200492
-0.271569 -0.203058
-0.272600 -0.205751
-0.273305 -0.208570
-0.273683 -0.211510
-0.273739 -0.214568
-0.273472 -0.217737
-0.272888 -0.221012
-0.271989 -0.224387
-0.270781 -0.227853
-0.269268 -0.231401
-0.267458 -0.235023
-0.265356 -0.238708
-0.262970 -0.242446
-0.260309 -0.246224
-0.257381 -0.250030
-0.254196 -0.253851
-0.250764 -0.257672
-0.247095 -0.261480
-0.243202 -0.265258
-0.239095 -0.268991
-0.234788 -0.272663
-0.230292 -0.276257
-0.225620 -0.279756
-0.220786 -0.283144
-0.215802 -0.286404
-0.210682 -0.289518
-0.205440 -0.292469
-0.200089 -0.295241
-0.194641 -0.297818
-0.189111 -0.300184
-0.183510 -0.302323
-0.177852 -0.304221
-0.172148 -0.305864
-0.166411 -0.307238
-0.160652 -0.308330
-0.154881 -0.309130
-0.149111 -0.309625
-0.143350 -0.309805
-0.137608 -0.309662
-0.131896 -0.309186
-0.126221 -0.308370
-0.120592 -0.307207
-0.115018 -0.305692
-0.109505 -0.303818
-0.104061 -0.301582
-0.098693 -0.298979
-0.093407 -0.296008
-0.088209 -0.292665
-0.083105 -0.288949
-0.078100 -0.284859
-0.073198 -0.280396
-0.068406 -0.275559
-0.063726 -0.270350
-0.059163 -0.264770
-0.054720 -0.258823
-0.050401 -0.252510
-0.046208 -0.245835
-0.042144 -0.238804
-0.038212 -0.231420
-0.034411 -0.223688
-0.030745 -0.215616
-0.027214 -0.207211
-0.023817 -0.198478
-0.020556 -0.189428
-0.017429 -0.180069
-0.014436 -0.170410
-0.011573 -0.160463
-0.008840 -0.150238
-0.006233 -0.139749
-0.003749 -0.129008
-0.001383 -0.118028
0.000870 -0.106826
0.003015 -0.095417
0.005057 -0.083818
0.007005 -0.072045
0.008864 -0.060117
0.010644 -0.048053
0.012352 -0.035874
0.013998 -0.023598
0.015590 -0.011247
0.017139 0.001157
0.018654 0.013594
0.020145 0.026040
0.021623 0.038475
0.023097 0.050876
0.024579 0.063221
0.026077 0.075488
0.027601 0.087657
0.029162 0.099707
0.030767 0.111616
0.032426 0.123366
0.034146 0.134937
0.035936 0.146311
0.037801 0.157471
0.039749 0.168400
0.041785 0.179081
0.043914 0.189502
0.046141 0.199646
0.048470 0.209502
0.050904 0.219056
0.053445 0.228298
0.056096 0.237217
0.058858 0.245803
0.061733 0.254046
0.064721 0.261940
0.067823 0.269476
0.071037 0.276647
0.074363 0.283448
0.077801 0.289872
0.081348 0.295916
0.085002 0.301575
0.088762 0.306844
0.092625 0.311723
0.096587 0.316207
0.100647 0.320296
0.104799 0.323989
0.109041 0.327284
0.113368 0.330183
0.117776 0.332686
0.122259 0.334795
0.126812 0.336511
0.131431 0.337839
0.136108 0.338782
0.140839 0.339344
0.145615 0.339531
0.150430 0.339349
0.155276 0.338805
0.160145 0.337906
0.165029 0.336661
0.169919 0.335081
0.174805 0.333174
0.179678 0.330953
0.184527 0.328430
0.189341 0.325618
0.194110 0.322530
0.198822 0.319181
0.203464 0.315586
0.208025 0.311762
0.212492 0.307725
0.216853 0.303491
0.221094 0.299078
0.225202 0.294504
0.229165 0.289787
0.232970 0.284945
0.236603 0.279995
0.240052 0.274956
0.243304 0.269845
0.246349 0.264680
0.249173 0.259478
0.251766 0.254254
0.254118 0.249026
0.256217 0.243807
0.258056 0.238614
0.259624 0.233458
0.260915 0.228355
0.261920 0.223315
0.262632 0.218350
0.263047 0.213470
0.263159 0.208685
0.262963 0.204005
0.262455 0.199436
0.261634 0.194986
0.260495 0.190662
0.259039 0.186468
0.257264 0.182410
0.255169 0.178491
0.252756 0.174715
0.250026 0.171083
0.246980 0.167598
0.243622 0.164260
0.239954 0.161069
0.235980 0.158025
0.231706 0.155127
0.227135 0.152371
0.222274 0.149755
0.217130 0.147276
0.211709 0.144929
0.206020 0.142709
0.200070 0.140609
0.193869 0.138624
0.187427 0.136745
0.180753 0.134964
0.173858 0.133272
0.166755 0.131660
0.159455 0.130117
0.151970 0.128632
0.144314 0.127194
0.136500 0.125789
0.128542 0.124406
0.120454 0.123032
0.112250 0.121652
0.103946 0.120253
0.095557 0.118821
0.087097 0.117342
0.078583 0.115802
0.070028 0.114186
0.061449 0.112482
0.052860 0.110675
0.044276 0.108752
0.035712 0.106700
0.027182 0.104507
0.018701 0.102160
0.010282 0.099649
0.001939 0.096963
-0.006316 0.094092
-0.014470 0.091026
-0.022512 0.087758
-0.030428 0.084278
-0.038209 0.080581
-0.045844 0.076659
-0.053323 0.072508
-0.060636 0.068122
-0.067774 0.063498
-0.074728 0.058632
-0.081491 0.053521
-0.088055 0.048164
-0.094413 0.042560
-0.100559 0.036707
-0.106485 0.030607
-0.112187 0.024259
-0.117660 0.017666
-0.122899 0.010830
-0.127900 0.003754
-0.132660 -0.003560
-0.137175 -0.011106
-0.141444 -0.018879
-0.145465 -0.026875
-0.149236 -0.035086
-0.152758 -0.043506
-0.156030 -0.052126
-0.159052 -0.060938
-0.161828 -0.069932
-0.164358 -0.079098
-0.166646 -0.088425
-0.168696 -0.097900
-0.170512 -0.107510
-0.172098 -0.117241
-0.173462 -0.127079
-0.174610 -0.137007
-0.175549 -0.147009
-0.176287 -0.157067
-0.176833 -0.167164
-0.177196 -0.177281
-0.177387 -0.187396
-0.177415 -0.197492
-0.177292 -0.207547
-0.177028 -0.217540
-0.176634 -0.227450
-0.176124 -0.237256
-0.175507 -0.246936
-0.174795 -0.256471
-0.174001 -0.265837
-0.173135 -0.275016
-0.172208 -0.283987
-0.171232 -0.292731
-0.170215 -0.301229
-0.169170 -0.309463
-0.168104 -0.317415
-0.167027 -0.325069
-0.165948 -0.332410
-0.164874 -0.339424
-0.163812 -0.346095
-0.162769 -0.352412
-0.161752 -0.358363
-0.160767 -0.363937
-0.159818 -0.369123
-0.158910 -0.373913
-0.158048 -0.378299
-0.157236 -0.382272
-0.156476 -0.385826
-0.155771 -0.388956
-0.155125 -0.391657
-0.154539 -0.393923
-0.154016 -0.395751
-0.153557 -0.397139
-0.153162 -0.398084
-0.152834 -0.398585
-0.152573 -0.398640
-0.152379 -0.398249
-0.152252 -0.397413
-0.152191 -0.396132
-0.152198 -0.394408
-0.152270 -0.392243
-0.152406 -0.389640
-0.152606 -0.386604
-0.152867 -0.383137
-0.153188 -0.379246
-0.153565 -0.374935
-0.153995 -0.370212
-0.154477 -0.365084
-0.155005 -0.359558
-0.155576 -0.353645
-0.156184 -0.347353
-0.156825 -0.340694
-0.157492 -0.333679
-0.158180 -0.326321
-0.158882 -0.318634
-0.159590 -0.310631
-0.160296 -0.302328
-0.160991 -0.293742
-0.161668 -0.284889
-0.162315 -0.275788
-0.162923 -0.266457
-0.163482 -0.256916
-0.163981 -0.247184
-0.164409 -0.237282
-0.164755 -0.227231
-0.165007 -0.217053
-0.165153 -0.206767
-0.165184 -0.196397
-0.165086 -0.185963
-0.164850 -0.175487
-0.164464 -0.164989
-0.163918 -0.154490
-0.163202 -0.144010
-0.162306 -0.133568
-0.161223 -0.123183
-0.159942 -0.112873
-0.158458 -0.102655
-0.156764 -0.092545
-0.154852 -0.082559
-0.152718 -0.072711
-0.150357 -0.063015
-0.147765 -0.053483
-0.144939 -0.044128
-0.141877 -0.034960
-0.138576 -0.025990
-0.135036 -0.017227
-0.131257 -0.008678
-0.127238 -0.000352
-0.122981 0.007743
-0.118488 0.015603
-0.113759 0.023222
-0.108798 0.030595
-0.103609 0.037718
-0.098194 0.044587
-0.092558 0.051200
-0.086706 0.057555
-0.080644 0.063650
-0.074376 0.069485
-0.067909 0.075060
-0.061251 0.080375
-0.054407 0.085431
-0.047386 0.090231
-0.040196 0.094777
-0.032846 0.099073
-0.025344 0.103123
-0.017700 0.106932
-0.009926 0.110505
-0.002030 0.113849
0.005976 0.116971
0.014080 0.119879
0.022270 0.122582
0.030534 0.125089
0.038859 0.127411
0.047231 0.129557
0.055638 0.131540
0.064064 0.133372
0.072495 0.135065
0.080918 0.136632
0.089316 0.138087
0.097676 0.139444
0.105982 0.140715
0.114219 0.141917
0.122372 0.143062
0.130426 0.144166
0.138366 0.145242
0.146178 0.146303
0.153847 0.147365
0.161360 0.148440
0.168702 0.149540
0.175860 0.150678
0.182822 0.151867
0.189575 0.153116
0.196109 0.154437
0.202410 0.155839
0.208470 0.157331
0.214278 0.158922
0.219824 0.160620
0.225101 0.162430
0.230100 0.164360
0.234814 0.166414
0.239235 0.168598
0.243358 0.170913
0.247178 0.173365
0.250690 0.175954
0.253889 0.178683
0.256772 0.181551
0.259337 0.184560
0.261581 0.187708
0.263503 0.190993
0.265102 0.194413
0.266378 0.197965
0.267332 0.201646
0.267965 0.205450
0.268279 0.209372
0.268277 0.213405
0.267962 0.217543
0.267338 0.221778
0.266412 0.226100
0.265187 0.230500
0.263671 0.234968
0.261870 0.239493
0.259794 0.244061
0.257449 0.248660
0.254845 0.253278
0.251993 0.257898
0.248902 0.262506
0.245584 0.267086
0.242050 0.271623
0.238312 0.276099
0.234382 0.280497
0.230273 0.284801
0.225998 0.288991
0.221569 0.293052
0.217000 0.296965
0.212305 0.300713
0.207495 0.304279
0.202585 0.307646
0.197587 0.310797
0.192513 0.313717
0.187377 0.316390
0.182189 0.318801
0.176962 0.320938
0.171707 0.322786
0.166434 0.324333
0.161155 0.325567
0.155878 0.326479
0.150614 0.327058
0.145371 0.327294
0.140159 0.327181
0.134984 0.326711
0.129856 0.325877
0.124780 0.324674
0.119765 0.323097
0.114816 0.321142
0.109939 0.318805
0.105141 0.316085
0.100427 0.312979
0.095801 0.309486
0.091268 0.305606
0.086833 0.301338
0.082500 0.296685
0.078272 0.291646
0.074153 0.286225
0.070145 0.280423
0.066252 0.274245
0.062476 0.267694
0.058818 0.260775
0.055280 0.253492
0.051863 0.245852
0.048569 0.237862
0.045397 0.229528
0.042347 0.220859
0.039419 0.211863
0.036611 0.202550
0.033921 0.192930
0.031348 0.183013
0.028889 0.172813
0.026539 0.162342
0.024295 0.151613
0.022153 0.140640
0.020106 0.129440
0.018149 0.118029
0.016276 0.106423
0.014478 0.094641
0.012749 0.082701
0.011080 0.070623
0.009463 0.058426
0.007887 0.046132
0.006345 0.033762
0.004825 0.021336
0.003317 0.008877
0.001813 -0.003592
0.000301 -0.016051
-0.001229 -0.028478
-0.002786 -0.040849
-0.004381 -0.053145
-0.006023 -0.065343
-0.007720 -0.077424
-0.009483 -0.089367
-0.011318 -0.101153
-0.013234 -0.112763
-0.015237 -0.124180
-0.017334 -0.135386
-0.019532 -0.146366
-0.021834 -0.157104
-0.024246 -0.167586
-0.026772 -0.177798
-0.029415 -0.187727
-0.032178 -0.197362
-0.035063 -0.206692
-0.038072 -0.215707
-0.041205 -0.224397
-0.044463 -0.232754
-0.047846 -0.240769
-0.051355 -0.248436
-0.054987 -0.255748
-0.058742 -0.262699
-0.062618 -0.269285
-0.066612 -0.275500
-0.070723 -0.281341
-0.074948 -0.286805
-0.079284 -0.291889
-0.083726 -0.296591
-0.088272 -0.300909
-0.092917 -0.304843
-0.097656 -0.308393
-0.102485 -0.311560
-0.107399 -0.314343
-0.112392 -0.316747
-0.117458 -0.318772
-0.122592 -0.320423
-0.127785 -0.321703
-0.133032 -0.322618
-0.138325 -0.323173
-0.143656 -0.323374
-0.149017 -0.323229
-0.154399 -0.322747
-0.159793 -0.321936
-0.165189 -0.320805
-0.170577 -0.319367
-0.175946 -0.317632
-0.181286 -0.315613
-0.186585 -0.313324
-0.191832 -0.310777
-0.197014 -0.307988
-0.202119 -0.304972
-0.207134 -0.301745
-0.212046 -0.298323
-0.216842 -0.294724
-0.221510 -0.290964
-0.226035 -0.287060
-0.230404 -0.283031
-0.234605 -0.278893
-0.238625 -0.274663
-0.242451 -0.270360
-0.246071 -0.266000
-0.249472 -0.261599
-0.252644 -0.257173
-0.255576 -0.252738
-0.258256 -0.248309
-0.260676 -0.243900
-0.262826 -0.239523
-0.264698 -0.235193
-0.266284 -0.230921
-0.267577 -0.226717
-0.268571 -0.222592
-0.269259 -0.218556
-0.269638 -0.214617
-0.269702 -0.210783
-0.269449 -0.207060
-0.268876 -0.203455
-0.267981 -0.199973
-0.266762 -0.196618
-0.265220 -0.193394
-0.263353 -0.190305
-0.261164 -0.187351
-0.258652 -0.184535
-0.255822 -0.181856
-0.252674 -0.179316
-0.249214 -0.176912
-0.245445 -0.174644
-0.241371 -0.172508
-0.236999 -0.170502
-0.232335 -0.168622
-0.227384 -0.166862
-0.222156 -0.165218
-0.216657 -0.163683
-0.210897 -0.162249
-0.204885 -0.160910
-0.198631 -0.159656
-0.192146 -0.158479
-0.185440 -0.157367
-0.178527 -0.156311
-0.171417 -0.155299
-0.164123 -0.154319
-0.156660 -0.153359
-0.149041 -0.152405
-0.141279 -0.151445
-0.133389 -0.150464
-0.125386 -0.149448
-0.117285 -0.148384
-0.109100 -0.147256
-0.100846 -0.146052
-0.092539 -0.144756
-0.084194 -0.143354
-0.075825 -0.141833
-0.067446 -0.140180
-0.059074 -0.138381
