1.994273
1.994273
1.994274
1.994276
1.994281
1.994287
1.994297
1.994309
1.994324
1.994340
1.994358
1.994376
1.994393
1.994408
1.994421
1.994430
1.994436
1.994438
1.994437
1.994434
1.994431
1.994427
1.994426
1.994429
1.994437
1.994451
1.994473
1.994504
1.994541
1.994585
1.994634
1.994684
1.994731
1.994772
1.994801
1.994813
1.994803
1.994766
1.994697
1.994593
1.994451
1.994271
1.994053
1.993801
1.993518
1.993212
1.992890
1.992561
1.992236
1.991924
1.991638
1.991388
1.991183
1.991031
1.990939
1.990912
1.990953
1.991059
1.991230
1.991460
1.991740
1.992062
1.992413
1.992779
1.993147
1.993500
1.993823
1.994100
1.994315
1.994455
1.994507
1.994460
1.994305
1.994035
1.993647
1.993138
1.992511
1.991769
1.990920
1.989972
1.988938
1.987831
1.986666
1.985459
1.984228
1.982990
1.981763
1.980564
1.979407
1.978308
1.977280
1.976331
1.975472
1.974707
1.974042
1.973478
1.973015
1.972652
1.972386
1.972214
1.972133
1.972138
1.972226
1.972393
1.972636
1.972953
1.973342
1.973801
1.974327
1.974919
1.975573
1.976287
1.977057
1.977875
1.978737
1.979634
1.980557
1.981495
1.982439
1.983375
1.984294
1.985182
1.986029
1.986824
1.987557
1.988220
1.988807
1.989312
1.989733
1.990070
1.990323
1.990496
1.990596
1.990629
1.990605
1.990535
1.990431
1.990306
1.990174
1.990050
1.989945
1.989874
1.989849
1.989880
1.989975
1.990143
1.990386
1.990708
1.991106
1.991579
1.992119
1.992718
1.993366
1.994051
1.994759
1.995475
1.996185
1.996874
1.997530
1.998141
1.998696
1.999188
1.999612
1.999966
2.000249
2.000465
2.000618
2.000716
2.000766
2.000779
2.000763
2.000730
2.000687
2.000643
2.000606
2.000581
2.000572
2.000581
2.000608
2.000654
2.000715
2.000788
2.000869
2.000954
2.001036
2.001111
2.001174
2.001220
2.001247
2.001252
2.001232
2.001187
2.001117
2.001024
2.000909
2.000775
2.000626
2.000465
2.000296
2.000124
1.999953
1.999786
1.999626
1.999478
1.999345
1.999227
1.999128
1.999050
1.998993
1.998960
1.998952
1.998971
1.999019
1.999096
1.999206
1.999350
1.999529
1.999745
2.000000
2.000294
2.000627
2.000997
2.001402
2.001839
2.002303
2.002788
2.003287
2.003791
2.004291
2.004778
2.005241
2.005671
2.006056
2.006387
2.006657
2.006857
2.006982
2.007028
2.006993
2.006877
2.006683
2.006414
2.006078
2.005682
2.005237
2.004754
2.004246
2.003726
2.003207
2.002701
2.002221
2.001777
2.001378
2.001031
2.000739
2.000506
2.000328
2.000203
2.000123
2.000081
2.000064
2.000061
2.000059
2.000046
2.000007
1.999933
1.999813
1.999639
1.999407
1.999114
1.998761
1.998349
1.997886
1.997379
1.996836
1.996269
1.995688
1.995105
1.994531
1.993976
1.993450
1.992959
1.992511
1.992110
1.991757
1.991455
1.991202
1.990996
1.990835
1.990712
1.990625
1.990566
1.990530
1.990511
1.990503
1.990503
1.990504
1.990504
1.990499
1.990488
1.990469
1.990444
1.990412
1.990376
1.990338
1.990300
1.990267
1.990242
1.990227
1.990225
1.990240
1.990272
1.990323
1.990392
1.990478
1.990578
1.990688
1.990805
1.990923
1.991038
1.991143
1.991233
1.991305
1.991355
1.991383
1.991387
1.991370
1.991338
1.991296
1.991252
1.991216
1.991200
1.991215
1.991273
1.991385
1.991560
1.991808
1.992134
1.992542
1.993033
1.993605
1.994252
1.994967
1.995739
1.996555
1.997402
1.998263
1.999122
1.999961
2.000766
2.001518
2.002205
2.002813
2.003332
2.003752
2.004068
2.004276
2.004376
2.004368
2.004258
2.004051
2.003757
2.003385
2.002946
2.002454
2.001922
2.001362
2.000787
2.000211
1.999644
1.999096
1.998577
1.998093
1.997649
1.997249
1.996895
1.996587
1.996323
1.996101
1.995919
1.995771
1.995655
1.995564
1.995496
1.995446
1.995412
1.995389
1.995377
1.995373
1.995376
1.995386
1.995402
1.995423
1.995451
1.995483
1.995520
1.995561
1.995605
1.995650
1.995695
1.995739
1.995780
1.995817
1.995847
1.995871
1.995888
1.995897
1.995900
1.995896
1.995887
1.995875
1.995863
1.995852
1.995845
1.995843
1.995850
1.995866
1.995892
1.995927
1.995971
1.996021
1.996074
1.996126
1.996171
1.996203
1.996215
1.996203
1.996158
1.996075
1.995950
1.995779
1.995559
1.995292
1.994978
1.994622
1.994230
1.993811
1.993373
1.992927
1.992486
1.992062
1.991666
1.991309
1.991003
1.990755
1.990573
1.990460
1.990418
1.990447
1.990543
1.990700
1.990910
1.991162
1.991444
1.991742
1.992042
1.992327
1.992582
1.992792
1.992942
1.993018
1.993009
1.992903
1.992693
1.992373
1.991940
1.991393
1.990734
1.989968
1.989101
1.988144
1.987108
1.986005
1.984852
1.983663
1.982454
1.981243
1.980045
1.978877
1.977751
1.976682
1.975681
1.974757
1.973917
1.973168
1.972513
1.971954
1.971493
1.971127
1.970857
1.970680
1.970594
1.970598
1.970690
1.970868
1.971131
1.971478
1.971908
1.972421
1.973014
1.973685
1.974432
1.975249
1.976131
1.977071
1.978061
1.979089
1.980145
1.981217
1.982291
1.983353
1.984390
1.985388
1.986335
1.987218
1.988027
1.988754
1.989391
1.989933
1.990378
1.990726
1.990978
1.991140
1.991218
1.991221
1.991160
1.991046
1.990893
1.990715
1.990527
1.990344
1.990180
1.990049
1.989962
1.989931
1.989965
1.990070
1.990250
1.990507
1.990839
1.991243
1.991713
1.992238
1.992810
1.993415
1.994041
1.994673
1.995298
1.995902
1.996473
1.997001
1.997477
1.997894
1.998249
1.998540
1.998768
1.998936
1.999050
1.999116
1.999142
1.999137
1.999108
1.999065
1.999015
1.998966
1.998923
1.998890
1.998869
1.998864
1.998873
1.998896
1.998930
1.998972
1.999019
1.999066
1.999111
1.999148
1.999175
1.999189
1.999188
1.999170
1.999134
1.999081
1.999012
1.998929
1.998833
1.998727
1.998614
1.998497
1.998380
1.998264
1.998154
1.998051
1.997957
1.997875
1.997806
1.997752
1.997715
1.997694
1.997693
1.997712
1.997754
1.997821
1.997914
1.998038
1.998194
1.998385
1.998614
1.998882
1.999191
1.999541
1.999932
2.000362
2.000827
2.001322
2.001842
2.002379
2.002924
2.003468
2.003999
2.004506
2.004978
2.005403
2.005772
2.006073
2.006298
2.006441
2.006495
2.006459
2.006329
2.006109
2.005802
2.005414
2.004952
2.004428
2.003854
2.003241
2.002605
2.001961
2.001322
2.000703
2.000117
1.999575
1.999087
1.998660
1.998298
1.998003
1.997774
1.997607
1.997495
1.997429
1.997399
1.997392
1.997395
1.997396
1.997383
1.997344
1.997270
1.997154
1.996992
1.996780
1.996519
1.996212
1.995864
1.995481
1.995072
1.994645
1.994209
1.993775
1.993350
1.992944
1.992562
1.992210
1.991893
1.991613
1.991372
1.991168
1.991002
1.990869
1.990767
1.990692
1.990639
1.990605
1.990584
1.990573
1.990569
1.990567
1.990567
1.990567
1.990567
1.990566
1.990567
1.990571
1.990581
1.990600
1.990632
1.990681
1.990751
1.990843
1.990962
1.991110
1.991287
1.991493
1.991727
1.991986
1.992267
1.992564
1.992872
1.993182
1.993487
1.993780
1.994052
1.994298
1.994512
1.994688
1.994826
1.994925
1.994988
1.995019
1.995025
1.995015
1.995000
1.994992
1.995004
1.995046
1.995133
1.995273
1.995476
1.995748
1.996093
1.996512
1.997002
1.997560
1.998177
1.998844
1.999548
2.000276
2.001013
2.001743
2.002451
2.003121
2.003739
2.004292
2.004768
2.005159
2.005458
2.005659
2.005760
2.005762
2.005668
2.005482
2.005211
2.004865
2.004452
2.003985
2.003475
2.002935
2.002376
2.001811
2.001249
2.000702
2.000178
1.999684
1.999225
1.998806
1.998429
1.998094
1.997803
1.997553
1.997342
1.997167
1.997026
1.996914
1.996829
1.996767
1.996726
1.996703
1.996696
1.996704
1.996726
1.996759
1.996803
1.996858
1.996921
1.996993
1.997070
1.997151
1.997234
1.997318
1.997399
1.997475
1.997543
1.997603
1.997652
1.997689
1.997713
1.997725
1.997725
1.997714
1.997695
1.997669
1.997641
1.997612
1.997586
1.997567
1.997556
1.997557
1.997569
1.997594
1.997630
1.997676
1.997727
1.997780
1.997827
1.997863
1.997880
1.997871
1.997826
1.997740
1.997606
1.997419
1.997176
1.996874
1.996516
1.996104
1.995645
1.995144
1.994613
1.994062
1.993504
1.992952
1.992419
1.991918
1.991460
1.991058
1.990718
1.990448
1.990251
1.990129
1.990081
1.990102
1.990187
1.990325
1.990508
1.990721
1.990952
1.991185
1.991405
1.991597
1.991747
1.991839
1.991862
1.991805
1.991657
1.991411
1.991063
1.990610
1.990052
1.989392
1.988634
1.987785
1.986855
1.985854
1.984796
1.983695
1.982564
1.981419
1.980274
1.979145
1.978045
1.976987
1.975982
1.975041
1.974170
1.973378
1.972668
1.972044
1.971508
1.971062
1.970706
1.970440
1.970263
1.970176
1.970178
1.970271
1.970453
1.970727
1.971093
1.971550
1.972099
1.972739
1.973467
1.974280
1.975173
1.976138
1.977168
1.978251
1.979375
1.980528
1.981695
1.982861
1.984011
1.985129
1.986199
1.987209
1.988146
1.988998
1.989755
1.990412
1.990964
1.991407
1.991743
1.991975
1.992107
1.992148
1.992107
1.991996
1.991828
1.991617
1.991378
1.991127
1.990879
1.990649
1.990450
1.990295
1.990194
1.990157
1.990189
1.990293
1.990472
1.990724
1.991043
1.991424
1.991857
1.992333
1.992839
1.993362
1.993890
1.994410
1.994910
1.995379
1.995809
1.996191
1.996521
1.996797
1.997017
1.997184
1.997301
1.997373
1.997406
1.997407
1.997385
1.997345
1.997295
1.997242
1.997191
1.997146
1.997110
1.997085
1.997072
1.997070
1.997078
1.997093
1.997115
1.997138
1.997161
1.997181
1.997194
1.997200
1.997196
1.997181
1.997155
1.997118
1.997071
1.997015
1.996952
1.996884
1.996813
1.996740
1.996669
1.996601
1.996538
1.996481
1.996431
1.996389
1.996357
1.996335
1.996324
1.996325
1.996340
1.996370
1.996417
1.996485
1.996575
1.996693
1.996840
1.997021
1.997240
1.997498
1.997799
