10 0.037182
20 -0.000174
30 0.013888
40 0.035360
50 0.026931
60 0.019212
70 0.028711
80 0.026334
90 0.023876
100 0.023858
110 0.022381
120 0.020817
130 0.020939
140 0.019813
150 0.017956
160 0.017658
170 0.017959
180 0.015985
190 0.015240
200 0.015737
210 0.014986
220 0.013778
230 0.013519
240 0.013762
250 0.012652
260 0.012268
270 0.012207
280 0.011511
290 0.011161
300 0.010894
310 0.009343
320 0.009274
330 0.009877
340 0.008000
350 0.007095
360 0.007063
370 0.007241
380 0.008068
390 0.007833
400 0.006480
