684.395371
586.624604
513.296528
456.263581
410.637223
373.306566
342.197686
315.874787
293.312302
273.758148
256.648264
241.551307
228.131790
216.124854
205.318611
195.541535
186.653283
178.537923
171.098843
164.254889
157.937393
152.087860
146.656151
141.599042
136.879074
132.463620
128.324132
124.435522
120.775654
117.324921
114.065895
110.983033
108.062427
105.291596
102.659306
100.155420
97.770767
95.497029
93.326642
91.252716
89.268961
87.369622
85.549421
83.803515
82.127445
80.517102
78.968697
77.478721
76.043930
74.661313
73.328075
72.041618
70.799521
69.599529
