579.812042
496.981751
434.859032
386.541362
347.887225
316.261114
289.906021
267.605558
248.490875
231.924817
217.429516
204.639544
193.270681
183.098540
173.943613
165.660584
158.130557
151.255315
144.953011
139.154890
133.802779
128.847121
124.245438
119.961112
115.962408
112.221686
108.714758
105.420371
102.319772
99.396350
96.635340
94.023574
91.549270
89.201853
86.971806
84.850543
82.830292
80.904006
79.065279
77.308272
75.627658
74.018559
72.476505
70.997393
69.577445
68.213181
66.901390
65.639099
64.423560
63.252223
62.122719
61.032847
59.980556
58.963937
