460.052530
394.330740
345.039397
306.701687
276.031518
250.937744
230.026265
212.331937
197.165370
184.021012
172.519699
162.371481
153.350843
145.279746
138.015759
131.443580
125.468872
120.013703
115.013132
110.412607
106.165968
102.233896
98.582685
95.183282
92.010506
89.042425
86.259849
83.645915
81.185741
78.866148
76.675422
74.603113
72.639873
70.777312
69.007879
67.324760
65.721790
64.193376
62.734436
61.340337
60.006852
58.730110
57.506566
56.332963
55.206304
54.123827
53.082984
52.081418
51.116948
50.187549
49.291342
48.426582
47.591641
46.785003
