236.149525
202.413878
177.112143
157.433016
141.689715
128.808832
118.074762
108.992088
101.206939
94.459810
88.556072
83.346891
78.716508
74.573534
70.844857
67.471293
64.404416
61.604224
59.037381
56.675886
54.496044
52.477672
50.603470
48.858522
47.229905
45.706360
44.278036
42.936277
41.673446
40.482776
39.358254
38.294518
37.286767
36.330696
35.422429
34.558467
33.735646
32.951096
32.202208
31.486603
30.802112
30.146748
29.518691
28.916268
28.337943
27.782297
27.248022
26.733908
26.238836
25.761766
25.301735
24.857845
24.429261
24.015206
