652.905890
559.633620
489.679418
435.270594
391.743534
356.130486
326.452945
301.341180
279.816810
261.162356
244.839709
230.437373
217.635297
206.180807
195.871767
186.544540
178.065243
170.323276
163.226473
156.697414
150.670590
145.090198
139.908405
135.083977
130.581178
126.368882
122.419854
118.710162
115.218687
111.926724
108.817648
105.876631
103.090404
100.447060
97.935884
95.547203
93.272270
91.103147
89.032621
87.054119
85.161638
83.349688
81.613236
79.947660
78.348707
76.812458
75.335295
73.913874
72.545099
71.226097
69.954203
68.726936
67.541989
66.397209
