10.000000
10.000000
10.000000
10.000000
10.000000
10.000000
10.000000
10.000000
10.000000
10.000000
10.000000
10.000000
10.000000
10.000000
10.000000
10.000000
10.000000
10.000000
10.000000
10.000000
9.999260
9.998657
9.998188
9.997854
9.997656
9.997591
9.997662
9.997866
9.998203
9.998675
9.999280
10.000018
10.000888
10.001892
10.003029
10.004298
10.005700
10.007234
10.008900
10.010698
10.012629
10.014691
10.016886
10.019213
10.021672
10.024262
10.026985
10.029840
10.032826
10.035945
10.039196
10.042580
10.046095
10.049743
10.053524
10.057437
10.061483
10.065663
10.069975
10.074420
10.078999
10.083712
10.088558
10.093539
10.098654
10.103904
10.109288
10.114808
10.120463
10.126254
10.132181
10.138244
10.144444
10.150781
10.157255
10.163868
10.170618
10.177507
10.184536
10.191703
10.199011
10.206459
10.214048
10.221778
10.229650
10.237664
10.245822
10.254122
10.262567
10.271157
10.279891
10.288772
10.297799
10.306973
10.316294
10.325764
10.335383
10.345152
10.355072
10.365143
10.375365
10.385741
10.396270
10.406954
10.417792
10.428787
10.439939
10.451248
10.462716
10.474344
10.486132
10.498082
10.510194
10.522470
10.534910
10.547516
10.560288
10.573228
10.586337
10.599616
10.613066
10.626688
10.640484
10.654454
10.668600
10.682923
10.697425
10.712107
10.726970
10.742015
10.757244
10.772659
10.788260
10.804050
10.820029
10.836200
10.852564
10.869122
10.885877
10.902829
10.919981
10.937334
10.954890
10.972651
10.990619
11.008796
11.027182
11.045782
11.064595
11.083626
11.102874
11.122344
11.142036
11.161953
11.182097
11.202470
11.223076
11.243915
11.264992
11.286307
11.307863
11.329664
11.351712
11.374009
11.396557
11.419361
11.442422
11.465744
11.489330
11.513181
11.537303
11.561697
11.586366
11.611315
11.636546
11.662062
11.687868
11.713966
11.740361
11.767055
11.794053
11.821357
11.848973
11.876905
11.905155
11.933728
11.962628
11.991860
12.021428
12.051336
12.081588
12.112190
12.143146
12.174460
12.206138
12.238184
12.270604
12.303402
12.336583
12.370153
12.404118
12.438482
12.473251
12.508431
12.544027
12.580046
12.616492
12.653373
12.690693
12.728460
12.766678
12.805355
12.844497
12.884110
12.924200
12.964773
13.005838
13.047398
13.089462
13.132036
13.175125
13.218738
13.262879
13.307555
13.352773
13.398539
13.444858
13.491737
13.539181
13.587195
13.635785
13.684955
13.734710
13.785054
13.835991
13.887522
13.939652
13.992381
14.045710
14.099640
14.154169
14.209296
14.265017
14.321327
14.378222
14.435692
14.493728
14.552319
14.611451
14.671107
14.731269
14.791915
14.853019
14.914553
14.976484
15.038775
15.101388
15.164276
15.227385
15.290657
15.354028
15.417428
15.480779
15.543996
15.606985
15.669646
15.731867
15.793530
15.854508
15.914658
15.973834
16.031881
16.088631
16.143909
16.197530
16.249306
16.299044
16.346546
16.391618
16.434067
16.473707
16.510367
16.543891
16.574147
16.601036
16.624494
16.644506
16.661114
16.674421
16.684605
16.691926
16.696728
16.699451
16.700632
16.700903
16.700993
16.701721
16.703976
16.708700
16.716879
16.729510
16.747576
16.772010
16.803668
16.843294
16.891493
16.948706
17.015186
17.090993
17.175985
17.269821
17.371967
17.481724
17.598246
17.720566
17.847631
17.978330
18.111523
18.246072
18.380863
18.514829
18.646966
18.776337
18.902094
19.023470
19.139784
19.250439
19.354921
19.452793
19.543690
19.627315
19.703436
19.771884
19.832550
19.885386
19.930411
19.967708
19.997436
20.019831
20.035214
20.043996
20.046690
20.043907
20.036357
20.024856
20.010309
19.993706
19.976100
19.958584
19.942265
19.928227
19.917496
19.910999
19.909527
19.913702
19.923943
19.940442
19.963162
19.991836
20.025979
20.064919
20.107833
20.153795
20.201840
20.251015
20.300453
20.349422
20.397389
20.444061
20.489419
20.533737
20.577587
20.621827
20.667560
20.716096
20.768880
20.827416
20.893188
20.967565
21.051720
21.146554
21.252634
21.370149
21.498889
21.638247
21.787240
21.944555
22.108602
22.277586
22.449574
22.622570
22.794580
22.963672
23.128020
23.285944
23.435933
23.576660
23.706990
23.825976
23.932858
24.027050
24.108137
24.175860
24.230113
24.270937
24.298518
24.313187
24.315423
24.305856
24.285275
24.254633
24.215048
24.167805
24.114354
24.056300
23.995386
23.933475
23.872517
23.814515
23.761480
23.715390
23.678135
23.651477
23.636997
23.636061
23.649783
23.679005
23.724272
23.785840
23.863675
23.957464
24.066639
24.190399
24.327738
24.477480
24.638310
24.808805
24.987468
25.172760
25.363123
25.557014
25.752921
25.949390
26.145037
26.338561
26.528756
26.714516
26.894836
27.068811
27.235629
27.394569
27.544989
27.686319
27.818050
27.939719
28.050906
28.151215
28.240273
28.317719
28.383198
28.436366
28.476876
28.504384
28.518559
28.519090
28.505692
28.478124
28.436206
28.379837
28.309021
28.223890
28.124736
28.012033
27.886471
27.748976
27.600735
27.443211
27.278148
27.107563
26.933732
26.759147
26.586467
26.418444
26.257834
26.107296
25.969281
25.845923
25.738931
25.649493
25.578236
25.525190
25.489810
25.471041
25.467419
25.477225
25.498655
25.530008
25.569872
25.617283
25.671848
25.733805
25.804022
25.883919
25.975315
26.080223
26.200592
26.338054
26.493663
26.667699
26.859525
27.067534
27.289183
27.521095
27.759238
27.999128
28.236054
28.465278
28.682223
28.882602
29.062511
29.218483
29.347492
29.446950
29.514678
29.548885
29.548155
29.511452
29.438153
29.328104
29.181707
29.000019
28.784864
28.538929
28.265837
27.970180
27.657475
27.334043
27.006798
26.682966
26.369743
26.073939
25.801648
25.557989
25.346960
25.171406
25.033106
24.932938
24.871073
24.847144
24.860354
24.909479
24.992786
25.107897
25.251619
25.419821
25.607394
25.808313
26.015825
26.222739
26.421793
26.606049
26.769301
26.906430
27.013710
27.089034
27.132051
27.144214
27.128728
27.090399
27.035385
26.970844
26.904497
26.844117
26.796994
26.769425
26.766254
26.790540
26.843380
26.923905
27.029449
27.155864
27.297930
27.449812
27.605513
27.759277
27.905906
28.040989
28.161031
28.263501
28.346805
28.410207
28.453718
28.477961
28.484033
28.473361
28.447575
28.408381
28.357453
28.296334
28.226358
28.148576
28.063714
27.972126
27.873783
27.768261
27.654761
27.532136
27.398937
27.253483
27.093941
26.918432
26.725161
26.512556
26.279445
26.025244
25.750161
25.455414
25.143430
24.818019
24.484491
24.149672
23.821802
23.510272
23.225193
22.976808
22.774785
22.627456
22.541101
22.519375
22.562957
22.669492
22.833821
23.048467
23.304304
23.591305
23.899276
24.218497
24.540207
24.856933
25.162651
25.452805
25.724228
25.974990
26.204204
26.411834
26.598492
26.765263
26.913558
27.044981
27.161232
27.264030
27.355055
27.435906
27.508075
27.572932
27.631708
27.685500
27.735271
27.781851
27.825948
27.868150
27.908941
27.948703
27.987729
28.026233
28.064353
28.102168
28.139694
28.176904
28.213723
28.250041
28.285716
28.320577
28.354431
28.387058
28.418222
28.447672
28.475141
28.500346
28.522995
28.542782
28.559389
28.572493
28.581761
28.586856
28.587435
28.583162
28.573707
28.558753
28.538008
28.511210
28.478144
28.438650
28.392640
28.340116
28.281183
28.216071
28.145148
28.068934
27.988121
27.903578
27.816362
27.727715
27.639058
27.551982
27.468220
27.389619
27.318104
27.255626
27.204109
27.165388
27.141141
27.132825
27.141606
27.168292
27.213281
27.276509
27.357419
27.454937
27.567479
27.692959
27.828830
27.972136
28.119582
28.267612
28.412506
28.550477
28.677778
28.790810
28.886240
28.961113
29.012970
29.039971
29.041014
29.015835
28.965103
28.890497
28.794727
28.681501
28.555419
28.421789
28.286339
28.154872
28.032844
27.924941
27.834676
27.764070
27.713471
27.681540
27.665411
27.661037
27.663653
27.668341
27.670601
27.666889
27.655051
27.634605
27.606856
27.574811
27.542902
27.516547
27.501579
27.503615
27.527418
27.576344
27.651934
27.753699
27.879113
28.023815
28.181972
28.346748
28.510808
28.666819
28.807875
28.927834
29.021570
29.085117
29.115750
29.112009
29.073686
29.001794
28.898523
28.767190
28.612171
28.438810
28.253290
28.062460
27.873599
27.694120
27.531234
27.391577
27.280833
27.203404
27.162151
27.158243
27.191130
27.258648
27.357237
27.482248
27.628303
27.789660
27.960560
28.135511
28.309517
28.478217
28.637966
28.785849
28.919646
29.037767
29.139168
29.223258
29.289801
29.338836
29.370600
29.385466
29.383895
29.366405
29.333543
29.285886
29.224039
29.148639
29.060382
28.960038
28.848486
28.726733
28.595943
28.457462
28.312825
28.163764
28.012198
27.860208
27.709999
27.563843
27.424002
27.292640
27.171745
27.063030
26.967850
26.887131
26.821318
26.770352
26.733670
26.710233
26.698579
26.696895
26.703104
26.714948
26.730080
26.746139
26.760818
26.771911
26.777354
26.775238
26.763826
26.741551
26.707019
26.659006
26.596471
26.518571
26.424690
26.314484
26.187939
26.045436
25.887829
25.716521
25.533527
25.341521
25.143857
24.944535
24.748122
24.559606
24.384194
24.227048
24.092988
23.986171
23.909796
23.865851
23.854940
23.876214
23.927413
24.005022
24.104511
24.220651
24.347857
24.480532
24.613381
24.741671
24.861437
24.969604
25.064058
25.143641
25.208109
25.258040
25.294716
25.319978
25.336074
25.345501
25.350844
25.354636
25.359218
25.366632
25.378536
25.396147
25.420215
25.451035
25.488461
25.531966
25.580714
25.633635
25.689506
25.747030
25.804908
25.861898
25.916862
25.968807
26.016898
26.060474
26.099046
26.132292
26.160038
26.182248
26.198998
26.210459
26.216875
26.218548
26.215816
26.209040
26.198590
26.184832
26.168120
26.148786
26.127136
26.103440
26.077933
26.050805
26.022204
25.992229
25.960930
25.928304
25.894293
25.858784
25.821605
25.782521
25.741236
25.697386
25.650540
25.600200
25.545795
25.486687
25.422167
25.351467
25.273761
25.188177
25.093817
24.989775
24.875173
24.749190
24.611117
24.460414
24.296778
24.120221
23.931148
23.730456
23.519606
23.300704
23.076540
22.850616
22.627103
22.410763
22.206791
22.020609
21.857590
21.722755
21.620452
21.554053
21.525712
21.536197
21.584834
21.669555
21.787060
21.933059
22.102573
22.290257
22.490708
22.698748
22.909640
23.119247
23.324123
23.521554
23.709544
23.886762
24.052478
24.206472
24.348942
24.480427
24.601706
24.713726
24.817551
24.914297
25.005095
25.091048
25.173207
25.252552
25.329975
25.406271
25.482133
25.558153
25.634820
25.712525
25.791572
25.872175
25.954467
26.038519
26.124339
26.211887
26.301080
26.391802
26.483909
26.577244
26.671632
26.766896
26.862852
26.959321
27.056126
27.153098
27.250075
27.346906
27.443446
27.539561
27.635125
27.730020
27.824132
27.917356
28.009586
28.100723
28.190665
28.279309
28.366549
28.452273
28.536363
28.618694
28.699129
28.777524
28.853722
28.927553
28.998836
29.067382
29.132991
29.195458
29.254576
29.310140
29.361953
29.409835
29.453625
29.493195
29.528453
29.559353
29.585900
29.608153
29.626228
29.640295
29.650572
29.657314
29.660798
29.661310
29.659117
29.654456
29.647514
29.638418
29.627231
29.613968
29.598616
29.581173
29.561700
29.540387
29.517614
29.494019
29.470543
29.448457
29.429345
29.415057
29.407605
29.409015
29.421141
29.445463
29.482869
29.533474
29.596477
29.670091
29.751555
29.837227
29.922769
30.003397
30.074185
30.130395
30.167811
30.183061
30.173903
30.139449
30.080332
29.998779
29.898601
29.785054
29.664604
29.544570
29.432669
29.336503
29.263012
29.217969
29.205563
29.228125
29.286027
29.377770
29.500233
29.649054
29.819076
30.004811
30.200862
30.402263
30.604717
30.804739
30.999680
31.187694
31.367628
31.538889
31.701288
31.854889
31.999874
32.136426
32.264640
32.384460
32.495649
32.597767
32.690180
32.772089
32.842560
32.900570
32.945056
32.974968
32.989328
32.987287
32.968184
32.931610
32.877465
32.806018
32.717964
32.614477
32.497244
32.368493
32.230998
32.088046
31.943385
31.801119
31.665576
31.541121
31.431957
31.341890
31.274100
31.230923
31.213675
31.222516
31.256388
31.313013
31.388957
31.479755
31.580069
31.683867
31.784606
31.875409
31.949223
31.998957
32.017615
31.998424
31.934993
31.821514
31.653039
31.425850
31.137944
30.789623
30.384165
29.928507
29.433818
28.915810
28.394590
27.893868
27.439436
27.056935
26.769136
26.593169
26.538206
26.604111
26.781362
27.052263
27.393173
27.777252
28.177223
28.567695
28.926830
29.237287
29.486550
29.666813
29.774612
29.810360
29.777879
29.683993
29.538154
29.352089
29.139392
28.914995
28.694492
28.493310
28.325746
28.203978
28.137162
28.130750
28.186152
28.300792
28.468561
28.680581
28.926172
29.193856
29.472296
29.751049
30.021090
30.275111
30.507607
30.714803
30.894477
31.045711
31.168633
31.264163
31.333774
31.379303
31.402791
31.406359
31.392120
31.362110
31.318255
31.262342
31.196009
31.120744
31.037895
30.948677
30.854182
30.755397
30.653217
30.548466
30.441905
30.334246
30.226168
30.118320
30.011338
29.905845
29.802457
29.701788
29.604449
29.511047
29.422181
29.338434
29.260369
29.188523
29.123394
29.065435
29.015038
28.972535
28.938180
28.912148
28.894529
28.885326
28.884450
28.891730
28.906911
28.929661
28.959583
28.996220
29.039068
29.087590
29.141222
29.199386
29.261503
29.326998
29.395313
29.465910
29.538276
29.611929
29.686422
29.761339
29.836296
29.910943
29.984960
30.058056
30.129962
30.200434
30.269240
30.336167
30.401008
30.463563
30.523636
30.581029
30.635538
30.686957
30.735068
30.779642
30.820434
30.857184
30.889618
30.917440
30.940334
30.957962
30.969960
30.975940
30.975485
30.968147
30.953442
30.930847
30.899798
30.859683
30.809836
30.749540
30.678016
30.594432
30.497903
30.387503
30.262294
30.121355
29.963836
29.789032
29.596482
29.386090
29.158282
28.914171
28.655755
28.386095
28.109481
27.831536
27.559231
27.300769
27.065323
26.862588
26.702194
26.592990
26.542299
26.555222
26.634100
26.778222
26.983827
27.244388
27.551170
27.893924
28.261661
28.643383
29.028698
29.408285
29.774170
30.119853
30.440287
30.731775
30.991791
31.218786
31.411989
31.571227
31.696774
31.789238
31.849480
31.878575
31.877803
31.848664
31.792925
31.712659
31.610309
31.488736
31.351251
31.201618
31.044025
30.883004
30.723310
30.569749
30.426977
30.299279
30.190347
30.103095
30.039517
30.000619
29.986437
29.996127
30.028129
30.080381
30.150549
30.236251
30.335249
30.445591
30.565681
30.694296
30.830538
30.973742
31.123364
31.278854
31.439545
31.604559
31.772757
31.942715
32.112743
32.280938
32.445256
32.603595
32.753896
32.894224
33.022851
33.138318
33.239485
33.325558
33.396107
33.451062
33.490702
33.515630
33.526737
33.525171
33.512278
33.489553
33.458590
33.421015
33.378432
33.332352
33.284146
33.234979
33.185772
33.137157
33.089462
33.042691
32.996535
32.950387
32.903376
32.854416
32.802258
32.745558
32.682943
32.613085
32.534768
32.446956
32.348853
32.239956
32.120100
31.989490
31.848720
31.698784
31.541065
31.377313
31.209606
31.040298
30.871944
30.707222
30.548836
30.399422
30.261451
30.137131
30.028326
29.936494
29.862635
29.807278
29.770480
29.751856
29.750629
29.765702
29.795735
29.839230
29.894624
29.960360
30.034957
30.117066
30.205504
30.299270
30.397549
30.499692
30.605196
30.713661
30.824759
30.938185
31.053628
31.170735
31.289088
31.408192
31.527467
31.646254
31.763825
31.879403
31.992176
32.101327
32.206051
32.305581
32.399201
32.486265
32.566204
32.638535
32.702866
32.758889
32.806384
32.845208
32.875290
32.896621
32.909250
32.913267
32.908803
32.896016
32.875087
32.846212
32.809600
32.765464
32.714024
32.655501
32.590119
32.518102
32.439680
32.355088
32.264567
32.168374
32.066778
31.960069
31.848561
31.732596
31.612546
31.488819
31.361856
31.232135
31.100168
30.966498
30.831694
30.696342
30.561036
30.426365
30.292900
30.161176
30.031679
29.904824
29.780945
29.660274
29.542932
29.428920
29.318111
29.210251
29.104965
29.001770
28.900083
28.799247
28.698558
28.597295
28.494751
28.390272
28.283293
28.173379
28.060258
27.943857
27.824330
27.702082
27.577783
27.452373
27.327053
27.203261
27.082643
26.966994
26.858198
26.758153
26.668688
26.591477
26.527956
26.479251
26.446118
26.428904
26.427526
26.441480
26.469870
26.511454
26.564710
26.627912
26.699208
26.776698
26.858506
26.942847
27.028069
27.112702
27.195470
27.275315
27.351389
27.423052
27.489857
27.551533
27.607959
27.659149
27.705221
27.746383
27.782909
27.815121
27.843377
27.868054
27.889530
27.908184
27.924386
27.938490
27.950832
27.961722
27.971445
27.980261
27.988398
27.996060
28.003420
28.010624
28.017794
28.025023
28.032380
28.039911
28.047637
28.055558
28.063651
28.071873
28.080160
28.088429
28.096573
28.104468
28.111968
28.118910
28.125107
28.130353
28.134422
28.137068
28.138024
28.137004
28.133704
28.127803
28.118966
28.106846
28.091091
28.071346
28.047262
28.018509
27.984776
27.945788
27.901325
27.851233
27.795443
27.733994
27.667046
27.594906
27.518043
27.437106
27.352936
27.266575
27.179258
27.092410
27.007616
26.926594
26.851146
26.783099
26.724245
26.676259
26.640635
26.618605
26.611085
26.618614
26.641328
26.678944
26.730765
26.795708
26.872352
26.958989
27.053699
27.154422
27.259026
27.365375
27.471390
27.575094
27.674650
27.768388
27.854819
27.932640
28.000737
28.058182
28.104218
28.138257
28.159871
28.168785
28.164873
28.148164
28.118838
28.077237
28.023871
27.959428
27.884780
27.800990
27.709307
27.611163
27.508152
27.402005
27.294548
27.187657
27.083200
26.982973
26.888634
26.801652
26.723250
26.654374
26.595682
26.547546
26.510086
26.483213
26.466696
26.460229
26.463501
26.476254
26.498326
26.529677
26.570378
26.620591
26.680513
26.750315
26.830067
26.919667
27.018777
27.126783
27.242761
27.365493
27.493492
27.625051
27.758310
27.891342
28.022228
28.149143
28.270428
28.384651
28.490654
28.587583
28.674905
28.752409
28.820197
28.878658
28.928439
28.970409
29.005613
29.035231
29.060523
29.082789
29.103316
29.123338
29.143993
29.166288
29.191068
29.218998
29.250545
29.285971
29.325332
29.368488
29.415117
29.464727
29.516679
29.570214
29.624470
29.678511
29.731341
29.781924
29.829198
29.872084
29.909497
29.940343
29.963526
29.977946
29.982499
29.976075
29.957560
29.925844
29.879826
29.818435
29.740653
29.645548
29.532321
29.400366
29.249332
29.079213
28.890428
28.683923
28.461255
28.224673
27.977177
27.722532
27.465245
27.210470
26.963849
26.731289
26.518677
26.331551
26.174767
26.052185
25.966419
25.918669
25.908681
25.934808
25.994189
26.083012
26.196826
26.330870
26.480373
26.640821
26.808145
26.978848
27.150068
27.319576
27.485732
27.647406
27.803896
27.954822
28.100043
28.239574
28.373513
28.502003
28.625185
28.743182
28.856087
28.963964
29.066848
29.164755
29.257698
29.345690
29.428761
29.506962
29.580377
29.649124
29.713358
29.773275
29.829109
29.881130
29.929640
29.974975
30.017491
30.057569
30.095604
30.132002
30.167180
30.201552
30.235526
30.269509
30.303894
30.339061
30.375368
30.413157
30.452738
30.494394
30.538377
30.584904
30.634158
30.686280
30.741374
30.799500
30.860676
30.924873
30.992019
31.061992
31.134622
31.209692
31.286931
31.366019
31.446582
31.528188
31.610353
31.692528
31.774107
31.854421
31.932733
32.008243
32.080081
32.147309
32.208922
32.263845
32.310944
32.349026
32.376846
32.393124
32.396556
32.385832
32.359665
32.316817
32.256137
32.176601
32.077359
31.957789
31.817552
31.656651
31.475490
31.274925
31.056314
30.821544
30.573055
30.313831
30.047373
29.777640
29.508962
29.245934
28.993283
28.755722
28.537803
28.343766
28.177414
28.041989
27.940087
27.873598
27.843667
27.850686
27.894302
27.973447
28.086381
28.230747
28.403641
28.601689
28.821138
29.057948
29.307897
29.566688
29.830050
30.093839
30.354129
30.607288
30.850039
31.079505
31.293238
31.489229
31.665902
31.822102
31.957063
32.070379
32.161965
32.232021
32.280986
32.309509
32.318411
32.308658
32.281332
32.237611
32.178752
32.106074
32.020949
31.924787
31.819027
31.705133
31.584574
31.458815
31.329307
31.197471
31.064681
30.932248
30.801403
30.673278
30.548891
30.429136
30.314765
30.206386
30.104460
30.009301
29.921082
29.839845
29.765516
29.697916
29.636778
29.581772
29.532513
29.488581
29.449540
29.414943
29.384350
29.357328
29.333464
29.312362
29.293645
29.276960
29.261972
29.248357
29.235811
29.224042
29.212768
29.201717
29.190627
29.179244
29.167326
29.154644
29.140982
29.126145
29.109955
29.092264
29.072949
29.051920
29.029123
29.004544
28.978207
28.950180
28.920576
28.889550
28.857301
28.824070
28.790138
28.755819
28.721461
28.687437
28.654140
28.621976
28.591357
28.562695
28.536389
28.512824
28.492361
28.475325
28.462000
28.452627
28.447401
28.446461
28.449894
28.457730
28.469942
28.486452
28.507132
28.531805
28.560251
28.592215
28.627410
28.665529
28.706242
28.749215
28.794106
28.840564
28.888249
28.936830
28.985991
29.035427
29.084857
29.134015
29.182657
29.230560
29.277521
29.323358
29.367908
29.411028
29.452588
29.492476
29.530596
29.566860
29.601194
29.633531
29.663816
29.692000
29.718043
29.741910
29.763570
29.782998
29.800176
29.815086
29.827718
29.838061
29.846110
29.851858
29.855298
29.856418
29.855202
29.851617
29.845615
29.837122
29.826028
29.812177
29.795351
29.775258
29.751511
29.723609
29.690916
29.652639
29.607807
29.555250
29.493584
29.421206
29.336297
29.236848
29.120698
28.985614
28.829405
28.650084
28.446073
28.216477
27.961395
27.682271
27.382259
27.066545
26.742576
26.420129
26.111130
25.829175
25.588730
25.404032
25.287815
25.249995
25.296551
25.428788
25.643113
25.931383
26.281747
26.679834
27.110082
27.557006
28.006247
28.445329
28.864075
29.254749
29.611959
29.932406
30.214566
30.458331
30.664670
30.835326
30.972568
31.078991
31.157363
31.210521
31.241293
31.252455
31.246696
31.226610
31.194683
31.153285
31.104663
31.050939
30.994099
30.935973
30.878227
30.822335
30.769568
30.720976
30.677369
30.639316
30.607137
30.580912
30.560493
30.545527
30.535479
30.529670
30.527311
30.527543
30.529475
30.532224
30.534943
30.536861
30.537297
30.535688
30.531594
30.524713
30.514882
30.502072
30.486385
30.468044
30.447381
30.424818
30.400852
30.376041
30.350980
30.326286
30.302578
30.280457
30.260495
30.243214
30.229075
30.218471
30.211712
30.209022
30.210543
30.216324
30.226330
30.240449
30.258496
30.280222
30.305328
30.333470
30.364275
30.397349
30.432293
30.468704
30.506194
30.544388
30.582941
30.621534
30.659882
30.697739
30.734894
30.771179
30.806462
30.840649
30.873685
30.905547
30.936246
30.965820
30.994336
31.021884
31.048572
31.074527
31.099888
31.124804
31.149429
31.173920
31.198433
31.223116
31.248108
31.273537
31.299508
31.326106
31.353389
31.381381
31.410070
31.439400
31.469268
31.499518
31.529933
31.560233
31.590063
31.618993
31.646507
31.672000
31.694771
31.714017
31.728834
31.738208
31.741020
31.736046
31.721966
31.697373
31.660787
31.610685
31.545535
31.463824
31.364110
31.245101
31.105718
30.945190
30.763144
30.559710
30.335634
30.092373
29.832196
29.558244
29.274569
28.986119
28.698660
28.418644
28.152989
27.908802
27.693042
27.512146
27.371652
27.275843
27.227450
27.227447
27.274954
27.367260
27.499962
27.667197
27.861960
28.076450
28.302428
28.531558
28.755699
28.967151
29.158829
29.324395
29.458331
29.555991
29.613632
29.628448
29.598617
29.523383
29.403158
29.239663
29.036083
28.797225
28.529629
28.241615
27.943201
27.645843
27.361983
27.104410
26.885434
26.715974
26.604665
26.557102
26.575361
26.657855
26.799564
26.992602
27.227018
27.491709
27.775326
28.067054
28.357213
28.637642
28.901881
29.145181
29.364393
29.557767
29.724721
29.865593
29.981410
30.073688
30.144255
30.195115
30.228338
30.245984
30.250046
30.242410
30.224833
30.198933
30.166182
30.127909
30.085304
30.039426
29.991214
29.941490
29.890977
29.840303
29.790008
29.740560
29.692355
29.645729
29.600964
29.558291
29.517895
29.479927
29.444502
29.411704
29.381592
29.354204
29.329554
29.307642
29.288453
29.271956
29.258111
29.246871
29.238175
29.231958
29.228146
29.226656
29.227403
29.230292
29.235222
29.242082
29.250753
29.261104
29.272994
29.286270
29.300759
29.316277
29.332615
29.349546
29.366816
29.384145
29.401225
29.417712
29.433231
29.447367
29.459669
29.469645
29.476764
29.480455
29.480114
29.475102
29.464762
29.448420
29.425407
29.395075
29.356819
29.310112
29.254534
29.189818
29.115893
29.032930
28.941399
28.842112
28.736267
28.625475
28.511781
28.397644
28.285902
28.179699
28.082373
27.997308
27.927766
27.876694
27.846532
27.839025
27.855075
27.894631
27.956641
28.039064
28.138945
28.252538
28.375480
28.502986
28.630048
28.751643
28.862917
28.959360
29.036953
29.092301
29.122754
29.126522
29.102776
29.051756
28.974858
28.874710
28.755215
28.621537
28.480013
28.337979
28.203483
28.084894
27.990428
27.927614
27.902763
27.920490
27.983365
28.091731
28.243716
28.435442
28.661392
28.914892
29.188633
29.475189
29.767455
30.058996
30.344285
30.618833
30.879215
31.123025
31.348778
31.555787
31.744017
31.913947
32.066440
32.202626
32.323805
32.431368
32.526733
32.611295
32.686398
32.753299
32.813165
32.867050
32.915903
32.960558
33.001740
33.040069
33.076062
33.110144
33.142649
33.173829
33.203859
33.232845
33.260827
33.287786
33.313646
33.338280
33.361511
33.383119
33.402841
33.420370
33.435362
33.447432
33.456158
33.461081
33.461709
33.457517
33.447957
33.432456
33.410434
33.381311
33.344520
33.299529
33.245864
33.183134
33.111061
33.029510
32.938525
32.838356
32.729497
32.612693
32.488950
32.359542
32.225979
32.089960
31.953297
31.817822
31.685252
31.557056
31.434288
31.317425
31.206213
31.099528
30.995275
30.890330
30.780539
30.660786
30.525135
30.367066
30.179799
29.956744
29.692067
29.381394
29.022627
28.616873
28.169361
27.690248
27.195110
26.704876
26.244991
25.843650
25.529148
25.326624
25.254726
25.322876
25.529765
25.863435
26.302953
26.821249
27.388479
27.975254
28.555204
29.106634
29.613264
30.064197
30.453372
30.778745
31.041368
31.244540
31.393063
31.492666
31.549564
31.570171
31.560890
31.527993
31.477540
31.415311
31.346759
31.276934
31.210412
31.151202
31.102657
31.067380
31.047164
31.042944
31.054802
31.082007
31.123096
31.176000
31.238185
31.306820
31.378931
31.451560
31.521894
31.587375
31.645776
31.695251
31.734356
31.762052
31.777681
31.780941
31.771844
31.750676
31.717950
31.674366
31.620771
31.558124
31.487468
31.409900
31.326552
31.238572
31.147111
31.053309
30.958285
30.863129
30.768895
30.676587
30.587160
30.501504
30.420438
30.344699
30.274937
30.211700
30.155429
30.106450
30.064966
30.031059
30.004687
29.985683
29.973760
29.968529
29.969503
29.976116
29.987735
30.003683
30.023251
30.045720
30.070378
30.096534
30.123534
30.150768
30.177685
30.203796
30.228679
30.251979
30.273413
30.292762
30.309873
30.324651
30.337056
30.347093
30.354815
30.360305
30.363677
30.365068
30.364635
30.362544
30.358969
30.354088
30.348076
30.341102
30.333328
30.324904
30.315968
30.306640
30.297025
30.287209
30.277259
30.267223
30.257128
30.246982
30.236773
30.226468
30.216018
30.205354
30.194390
30.183024
30.171141
30.158610
30.145289
30.131025
30.115656
30.099014
30.080925
30.061211
30.039693
30.016196
29.990544
29.962569
29.932112
29.899025
29.863175
29.824448
29.782748
29.738005
29.690178
29.639256
29.585260
29.528250
29.468326
29.405634
29.340360
29.272745
29.203073
29.131668
29.058908
28.985215
28.911054
28.836926
28.763367
28.690937
28.620216
28.551796
28.486267
28.424213
28.366198
28.312757
28.264388
28.221538
28.184602
28.153911
28.129725
28.112232
28.101546
28.097705
28.100673
28.110342
28.126538
28.149025
28.177513
28.211666
28.251107
28.295429
28.344202
28.396980
28.453309
28.512731
28.574794
28.639054
28.705078
28.772450
28.840771
28.909660
28.978759
29.047726
29.116244
29.184010
29.250737
29.316156
29.380007
29.442046
29.502031
29.559730
29.614908
29.667334
29.716769
29.762969
29.805681
29.844639
29.879564
29.910159
29.936114
29.957099
29.972770
29.982768
29.986726
29.984271
29.975032
29.958654
29.934809
29.903210
29.863630
29.815927
29.760073
29.696177
29.624511
29.545550
29.460002
29.368826
29.273261
29.174835
29.075365
28.976935
28.881871
28.792685
28.712001
28.642464
28.586639
28.546892
28.525280
28.523448
28.542538
28.583125
28.645192
28.728126
28.830758
28.951432
29.088091
29.238388
29.399798
29.569732
29.745636
29.925085
30.105844
30.285926
30.463618
30.637495
30.806416
30.969512
31.126163
31.275973
31.418731
31.554393
31.683037
31.804837
31.920043
32.028958
32.131918
32.229271
32.321364
32.408539
32.491123
32.569418
32.643703
32.714228
32.781216
32.844859
32.905325
32.962754
33.017265
33.068956
33.117908
33.164187
33.207849
33.248939
33.287497
33.323554
33.357138
33.388270
33.416963
33.443217
33.467019
33.488333
33.507094
33.523203
33.536516
33.546845
33.553934
33.557459
33.557037
33.552216
33.542488
33.527296
33.506052
33.478157
33.443039
33.400179
33.349158
33.289690
33.221668
33.145198
33.060628
32.968563
32.869875
32.765682
32.657326
32.546331
32.434335
32.323034
32.214122
32.109229
32.009885
31.917488
31.833311
31.758508
31.694152
31.641259
31.600824
31.573824
31.561214
31.563885
31.582598
31.617910
31.670086
31.739021
31.824188
31.924614
32.038901
32.165285
32.301720
32.446000
32.595882
32.749206
32.904003
33.058582
33.211581
33.361991
33.509154
33.652730
33.792650
33.929054
34.062225
34.192514
34.320284
34.445845
34.569410
34.691060
34.810724
34.928163
35.042980
35.154624
35.262417
35.365576
35.463243
35.554518
35.638491
35.714270
35.781011
35.837940
35.884371
35.919729
35.943556
35.955526
35.955448
35.943274
35.919101
35.883174
35.835886
35.777785
35.709565
35.632066
35.546267
35.453278
35.354323
35.250722
35.143860
35.035156
34.926019
34.817793
34.711703
34.608778
34.509785
34.415145
34.324858
34.238415
34.154725
34.072041
33.987897
33.899064
33.801520
33.690447
33.560280
33.404788
33.217256
32.990743
32.718490
32.394482
32.014197
31.575560
31.080047
30.533883
29.949134
29.344453
28.745146
28.182234
27.690275
27.303983
27.054026
26.962736
27.040671
27.284885
27.679359
28.197482
28.805925
29.468990
30.152545
30.826933
31.468637
32.060781
32.592755
33.059298
33.459358
33.794938
34.070069
34.289975
34.460433
34.587323
34.676322
34.732727
34.761348
34.766469
34.751863
34.720811
34.676142
34.620283
34.555304
34.482968
34.404771
34.321980
34.235664
34.146729
34.055932
33.963907
33.871178
33.778166
33.685203
33.592530
33.500307
33.408610
33.317437
33.226704
33.136254
33.045863
32.955245
32.864070
32.771983
32.678627
32.583673
32.486863
32.388048
32.287240
32.184661
32.080792
31.976423
31.872689
31.771093
31.673518
31.582199
31.499684
31.428753
31.372309
31.333246
31.314293
31.317850
31.345836
31.399533
31.479484
31.585423
31.716253
31.870069
32.044228
32.235448
32.439927
32.653471
32.871604
33.089656
33.302815
33.506141
33.694530
33.862636
34.004747
34.114625
34.185315
34.208950
34.176563
34.077951
33.901661
33.635159
33.265321
32.779399
32.166614
31.420559
30.542443
29.545036
28.456743
27.324729
26.215545
25.211515
24.401857
23.869093
23.673558
23.840547
24.354541
25.162683
26.186198
27.335681
28.525539
29.684237
30.759211
31.717183
32.541515
33.228242
33.782023
34.212662
34.532480
34.754495
34.891289
34.954377
34.953933
34.898731
34.796230
34.652719
34.473505
34.263118
34.025505
33.764238
33.482705
33.184312
32.872669
32.551773
32.226167
31.901071
31.582453
31.277030
30.992169
30.735682
30.515495
30.339226
30.213686
30.144364
30.134953
30.186990
30.299661
30.469808
30.692137
30.959601
31.263909
31.596091
31.947052
32.308065
32.671156
33.029375
33.376945
33.709302
34.023055
34.315885
34.586412
34.834037
35.058792
35.261198
35.442130
35.602705
35.744200
35.867970
35.975395
36.067834
36.146595
36.212913
36.267933
36.312702
36.348157
36.375132
36.394357
36.406457
36.411954
36.411269
36.404730
36.392573
36.374948
36.351921
36.323478
36.289531
36.249920
36.204417
36.152734
36.094523
36.029385
35.956870
35.876485
35.787698
35.689946
35.582639
35.465163
35.336891
35.197189
35.045421
34.880968
34.703241
34.511706
34.305919
34.085572
33.850562
33.601074
33.337685
33.061503
32.774306
32.478706
32.178295
31.877771
31.583001
31.300998
31.039770
30.808035
30.614780
30.468689
30.377490
30.347290
30.381979
30.482809
30.648202
30.873825
31.152928
31.476890
31.835894
32.219634
32.617977
33.021512
33.421945
33.812339
34.187202
34.542462
34.875353
35.184244
35.468447
35.728021
35.963583
36.176146
36.366979
36.537488
36.689127
36.823329
36.941453
37.044739
37.134287
37.211034
37.275744
37.328994
37.371175
37.402479
37.422902
37.432243
37.430103
37.415887
37.388814
37.347929
37.292119
37.220147
37.130687
37.022389
36.893947
36.744204
36.572270
36.377673
36.160524
35.921706
35.663061
35.387570
35.099492
34.804432
34.509315
34.222225
33.952092
33.708228
33.499731
33.334801
33.220056
33.159922
33.156200
33.207870
33.311160
33.459884
33.645982
33.860194
34.092759
34.334082
34.575280
34.808585
35.027596
35.227385
35.404486
35.556802
35.683456
35.784614
35.861301
35.915222
35.948595
35.963995
35.964222
35.952172
35.930728
35.902648
35.870475
35.836444
35.802412
35.769789
35.739493
35.711942
35.687052
35.664276
35.642663
35.620942
35.597631
35.571148
35.539935
35.502561
35.457826
35.404830
35.343018
35.272199
35.192532
35.104490
35.008808
34.906423
34.798412
34.685949
34.570272
34.452676
34.334532
34.217321
34.102680
33.992446
33.888697
33.793760
33.710188
33.640700
33.588077
33.555031
33.544039
33.557180
33.595971
33.661245
33.753051
33.870622
34.012388
34.176050
34.358691
34.556916
34.767009
34.985109
35.207356
35.430031
35.649660
35.863096
36.067572
36.260727
36.440615
36.605687
36.754779
36.887066
37.002025
37.099404
37.179187
37.241554
37.286847
37.315545
37.328236
37.325594
37.308365
37.277348
37.233379
37.177324
37.110063
37.032485
36.945474
36.849899
36.746611
36.636425
36.520112
36.398391
36.271916
36.141270
36.006945
35.869337
35.728738
35.585323
35.439148
35.290141
35.138101
34.982699
34.823485
34.659897
34.491276
34.316889
34.135967
33.947741
33.751499
33.546642
33.332769
33.109750
32.877826
32.637701
32.390635
32.138521
31.883950
31.630225
31.381339
31.141889
30.916926
30.711732
30.531541
30.381221
30.264934
30.185822
30.145747
30.145119
30.182838
30.256342
30.361777
30.494264
30.648216
30.817670
30.996619
31.179297
31.360411
31.535297
31.700014
31.851375
31.986930
32.104911
32.204159
32.284026
32.344292
32.385065
32.406709
32.409764
32.394886
32.362804
32.314279
32.250078
32.170953
32.077629
31.970801
31.851130
31.719253
31.575786
31.421338
31.256525
31.081985
30.898396
30.706494
30.507097
30.301116
30.089581
29.873654
29.654642
29.434005
29.213360
28.994471
28.779230
28.569634
28.367745
28.175638
27.995341
27.828768
27.677639
27.543409
27.427206
27.329773
27.251422
27.192016
27.150969
27.127267
27.119514
27.125990
27.144726
27.173586
27.210348
27.252788
27.298747
27.346195
27.393278
27.438353
27.480008
27.517072
27.548611
27.573919
27.592505
27.604065
27.608466
27.605719
27.595953
27.579399
27.556362
27.527204
27.492332
27.452176
27.407185
27.357811
27.304502
27.247700
27.187831
27.125307
27.060516
26.993822
26.925570
26.856080
26.785649
26.714554
26.643049
26.571364
26.499714
26.428291
26.357272
26.286818
26.217070
26.148158
26.080197
26.013292
25.947535
25.883008
25.819785
25.757929
25.697498
25.638539
25.581096
25.525206
25.470902
25.418212
25.367154
25.317745
25.270001
25.223933
25.179550
25.136857
25.095857
25.056548
25.018935
24.983013
24.948774
24.916211
24.885315
24.856079
24.828491
24.802540
24.778214
24.755498
24.734379
24.714842
24.696869
24.680445
24.665551
24.652169
24.640279
24.629862
24.620896
24.613360
24.607231
24.602485
24.599100
24.597049
24.596305
24.596843
24.598633
24.601646
24.605852
24.611220
24.617717
24.625308
24.633958
24.643632
24.654292
24.665900
24.678413
24.691787
24.705979
24.720943
24.736631
24.752995
24.769983
24.787544
24.805623
24.824164
24.843110
24.862404
24.881983
24.901786
24.921748
24.941806
24.961892
24.981940
25.001882
25.021650
25.041176
25.060390
25.079225
25.097612
25.115485
25.132777
25.149426
25.165370
25.180551
25.194914
25.208405
25.220977
25.232587
25.243199
25.252782
25.261313
25.268775
25.275161
25.280472
25.284719
25.287924
25.290120
25.291352
25.291676
25.291163
25.289897
25.287979
25.285522
25.282656
25.279526
25.276296
25.273144
25.270266
25.267874
25.266195
25.265474
25.265965
25.267938
25.271673
25.277454
25.285574
25.296323
25.309990
25.326854
25.347185
25.371230
25.399217
25.431343
25.467772
25.508629
25.553995
25.603905
25.658346
25.717251
25.780502
25.847928
25.919309
25.994375
26.072814
26.154270
26.238356
26.324653
26.412720
26.502099
26.592321
26.682914
26.773407
26.863339
26.952259
27.039732
27.125345
27.208713
27.289477
27.367311
27.441919
27.513044
27.580463
27.643995
27.703496
27.758862
27.810035
27.856998
27.899777
27.938443
27.973111
28.003943
28.031145
28.054966
28.075699
28.093676
28.109269
28.122879
28.134935
28.145885
28.156196
28.166338
28.176778
28.187972
28.200352
28.214320
28.230238
28.248417
28.269114
28.292526
28.318785
28.347958
28.380049
28.415000
28.452701
28.492990
28.535669
28.580514
28.627279
28.675716
28.725581
28.776643
28.828700
28.881576
28.935136
28.989280
29.043951
29.099129
29.154823
29.211064
29.267897
29.325368
29.383508
29.442317
29.501750
29.561699
29.621980
29.682313
29.742313
29.801488
29.859225
29.914797
29.967363
30.015982
30.059626
30.097204
30.127589
30.149654
30.162310
30.164558
30.155532
30.134562
30.101233
30.055441
29.997458
29.927985
29.848199
29.759790
29.664972
29.566484
29.467549
29.371810
29.283230
29.205954
29.144144
29.101791
29.082507
29.089324
29.124496
29.189341
29.284112
29.407926
29.558747
29.733423
29.927774
30.136719
30.354436
30.574535
30.790230
30.994516
31.180324
31.340669
31.468789
31.558297
31.603338
31.598788
31.540503
31.425633
31.253011
31.023611
30.741039
30.412024
30.046791
29.659233
29.266728
28.889493
28.549418
28.268386
28.066266
27.958836
27.956010
28.060703
28.268593
28.568797
28.945353
29.379162
29.850050
30.338614
30.827615
31.302849
31.753503
32.172087
32.554101
32.897530
33.202294
33.469713
33.702041
33.902081
34.072885
34.217536
34.338998
34.440020
34.523079
34.590362
34.643754
34.684859
34.715014
34.735321
34.746664
34.749750
34.745123
34.733194
34.714272
34.688580
34.656285
34.617509
34.572352
34.520912
34.463301
34.399659
34.330173
34.255089
34.174725
34.089476
33.999828
33.906355
33.809718
33.710658
33.609982
33.508548
33.407233
33.306909
33.208405
33.112474
33.019750
32.930719
32.845687
32.764759
32.687823
32.614557
32.544440
32.476777
32.410748
32.345459
32.280001
32.213524
32.145312
32.074854
32.001911
31.926572
31.849298
31.770942
31.692753
31.616355
31.543698
31.476981
31.418558
31.370818
31.336050
31.316310
31.313279
31.328147
31.361506
31.413285
31.482710
31.568304
31.667936
31.778892
31.897986
32.021686
32.146259
32.267929
32.383033
32.488176
32.580378
32.657218
32.716959
32.758653
32.782237
32.788581
32.779517
32.757804
32.727052
32.691576
32.656184
32.625918
32.605737
32.600192
32.613093
32.647238
32.704189
32.784164
32.886035
33.007436
33.144965
33.294461
33.451314
33.610786
33.768301
33.919693
34.061393
34.190549
34.305086
34.403714
34.485886
34.551735
34.601980
34.637825
34.660851
34.672911
34.676015
34.672235
34.663590
34.651961
34.638985
34.625965
34.613781
34.602810
34.592860
34.583116
34.572118
34.557763
34.537347
34.507646
34.465057
34.405777
34.326044
34.222429
34.092173
33.933569
33.746343
33.532044
33.294350
33.039286
32.775250
32.512809
32.264225
32.042681
31.861266
31.731811
31.663714
31.662946
31.731392
31.866640
32.062260
32.308514
32.593360
32.903582
33.225897
33.547883
33.858650
34.149244
34.412808
34.644535
34.841478
35.002291
35.126925
35.216338
35.272224
35.296788
35.292557
35.262236
35.208598
35.134403
35.042349
34.935034
34.814930
34.684381
34.545588
34.400616
34.251389
34.099698
33.947198
33.795414
33.645739
33.499439
33.357646
33.221355
33.091428
32.968582
32.853389
32.746272
32.647502
32.557200
32.475338
32.401741
32.336094
32.277959
32.226789
32.181944
32.142708
32.108321
32.077991
32.050925
32.026350
32.003531
31.981793
31.960534
31.939240
31.917495
31.894979
31.871471
31.846851
31.821092
31.794257
31.766480
31.737961
31.708951
31.679739
31.650638
31.621972
31.594065
31.567229
31.541755
31.517909
31.495919
31.475978
31.458239
31.442813
31.429773
31.419153
31.410954
31.405143
31.401661
31.400421
31.401321
31.404239
31.409043
31.415593
31.423744
31.433352
31.444278
31.456389
31.469566
31.483708
31.498733
31.514580
31.531215
31.548634
31.566861
31.585950
31.605979
31.627050
31.649281
31.672797
31.697725
31.724181
31.752255
31.782003
31.813433
31.846488
31.881040
31.916873
31.953678
31.991043
32.028452
32.065281
32.100800
32.134176
32.164487
32.190731
32.211837
32.226691
32.234158
32.233109
32.222456
32.201184
32.168395
32.123355
32.065541
31.994692
31.910854
31.814432
31.706220
31.587424
31.459670
31.324970
31.185677
31.044392
30.903838
30.766706
30.635473
30.512213
30.398403
30.294758
30.201107
30.116320
30.038301
29.964058
29.889831
29.811285
29.723734
29.622398
29.502654
29.360278
29.191649
28.993922
28.765146
28.504335
28.211492
27.887603
27.534609
27.155354
26.753558
26.333802
25.901557
25.463242
25.026320
24.599387
24.192232
23.815805
23.482035
23.203464
22.992643
22.861329
22.819524
22.874469
23.029746
23.284637
23.633868
24.067823
24.573197
25.134003
25.732799
26.351927
26.974638
27.585974
28.173363
28.726906
29.239411
29.706225
30.124939
30.495015
30.817408
31.094188
31.328219
31.522868
31.681786
31.808723
31.907395
31.981392
32.034109
32.068704
32.088081
32.094873
32.091450
32.079920
32.062146
32.039759
32.014174
31.986608
31.958099
31.929520
31.901598
31.874932
31.850004
31.827195
31.806799
31.789034
31.774054
31.761957
31.752796
31.746586
31.743310
31.742928
31.745375
31.750571
31.758421
31.768816
31.781634
31.796740
31.813985
31.833204
31.854212
31.876799
31.900729
31.925729
31.951482
31.977620
32.003714
32.029258
32.053661
32.076227
32.096140
32.112445
32.124027
32.129594
32.127650
32.116479
32.094130
32.058403
32.006852
31.936797
31.845362
31.729545
31.586319
31.412793
31.206428
30.965327
30.688591
30.376740
30.032175
29.659640
29.266602
28.863475
28.463570
28.082671
27.738169
27.447766
27.227827
27.091606
27.047608
27.098397
27.240080
27.462592
27.750702
28.085570
28.446551
28.812960
29.165581
29.487776
29.766185
29.991040
30.156216
30.259091
30.300311
30.283519
30.215046
30.103585
29.959800
29.795846
29.624764
29.459769
29.313429
29.196826
29.118767
29.085163
29.098653
29.158553
29.261110
29.400051
29.567315
29.753873
29.950525
30.148590
30.340423
30.519752
30.681827
30.823428
30.942754
31.039241
31.113336
31.166274
31.199848
31.216220
31.217750
31.206856
31.185917
31.157187
31.122750
31.084486
31.044056
31.002902
30.962254
30.923149
30.886445
30.852846
30.822920
30.797118
30.775792
30.759206
30.747549
30.740937
30.739414
30.742961
30.751491
30.764852
30.782820
30.805108
30.831361
30.861164
30.894045
30.929484
30.966921
31.005765
31.045404
31.085215
31.124577
31.162877
31.199520
31.233935
31.265584
31.293966
31.318622
31.339136
31.355146
31.366341
31.372467
31.373331
31.368806
31.358838
31.343446
31.322731
31.296878
31.266164
31.230953
31.191703
31.148953
31.103323
31.055494
31.006192
30.956165
30.906151
30.856840
30.808844
30.762653
30.718590
30.676775
30.637103
30.599213
30.562484
30.526031
30.488728
30.449243
30.406091
30.357701
30.302499
30.239013
30.165971
30.082421
29.987841
29.882249
29.766292
29.641320
29.509417
29.373391
29.236711
29.103382
28.977768
28.864351
28.767455
28.690954
28.637984
28.610702
28.610106
28.635949
28.686750
28.759903
28.851875
28.958460
29.075077
29.197060
29.319930
29.439628
29.552684
29.656340
29.748600
29.828247
29.894796
29.948437
29.989939
30.020550
30.041882
30.055800
30.064315
30.069480
30.073302
30.077659
30.084243
30.094508
30.109641
30.130544
30.157837
30.191866
30.232728
30.280301
30.334278
30.394198
30.459490
30.529506
30.603540
30.680854
30.760704
30.842347
30.925058
31.008131
31.090883
31.172662
31.252842
31.330827
31.406053
31.477991
31.546144
31.610059
31.669319
31.723549
31.772422
31.815661
31.853042
31.884392
31.909599
31.928604
31.941410
31.948078
31.948730
31.943546
31.932767
31.916692
31.895674
31.870121
31.840487
31.807271
31.771010
31.732265
31.691619
31.649660
31.606973
31.564120
31.521631
31.479984
31.439595
31.400799
31.363841
31.328859
31.295880
31.264810
31.235435
31.207418
31.180301
31.153516
31.126393
31.098167
31.068001
31.034994
30.998204
30.956661
30.909390
30.855424
30.793821
30.723691
30.644212
30.554645
30.454359
30.342851
30.219773
30.084957
29.938449
29.780541
29.611816
29.433188
29.245951
29.051823
28.852984
28.652108
28.452371
28.257438
28.071412
27.898747
27.744107
27.612188
27.507493
27.434094
27.395368
27.393769
27.430630
27.506035
27.618769
27.766362
27.945212
28.150784
28.377848
28.620764
28.873740
29.131083
29.387399
29.637750
29.877755
30.103644
30.312269
30.501083
30.668098
30.811830
30.931243
31.025688
31.094866
31.138781
31.157727
31.152276
31.123286
31.071915
30.999646
30.908313
30.800129
30.677702
30.544034
30.402508
30.256831
30.110964
29.969002
29.835034
29.712982
29.606407
29.518340
29.451121
29.406266
29.384392
29.385194
29.407476
29.449248
29.507863
29.580186
29.662782
29.752103
29.844656
29.937150
30.026610
30.110455
30.186548
30.253207
30.309199
30.353714
30.386325
30.406936
30.415735
30.413134
30.399724
30.376220
30.343416
30.302146
30.253238
30.197482
30.135594
30.068184
29.995724
29.918516
29.836667
29.750056
29.658309
29.560779
29.456525
29.344298
29.222544
29.089408
28.942773
28.780308
28.599559
28.398071
28.173563
27.924148
27.648615
27.346746
27.019685
26.670300
26.303516
25.926551
25.548983
25.182573
24.840799
24.538050
24.288540
24.105034
23.997546
23.972224
24.030607
24.169410
24.380856
24.653518
24.973495
25.325726
25.695248
26.068239
26.432755
26.779148
27.100189
27.390971
27.648653
27.872122
28.061636
28.218470
28.344610
28.442492
28.514790
28.564265
28.593640
28.605531
28.602387
28.586467
28.559825
28.524306
28.481551
28.433013
28.379965
28.323519
28.264640
28.204157
28.142784
28.081127
28.019697
27.958923
27.899158
27.840693
27.783756
27.728520
27.675110
27.623612
27.574071
27.526494
27.480856
27.437101
27.395142
27.354866
27.316129
27.278767
27.242586
27.207372
27.172886
27.138868
27.105041
27.071106
27.036750
27.001648
26.965464
26.927859
26.888493
26.847032
26.803158
26.756573
26.707012
26.654252
26.598122
26.538517
26.475410
26.408861
26.339028
26.266179
26.190693
26.113066
26.033906
25.953928
25.873937
25.794812
25.717476
25.642872
25.571916
25.505464
25.444277
25.388984
25.340052
25.297766
25.262219
25.233310
25.210761
25.194150
25.182941
25.176541
25.174350
25.175814
25.180484
25.188056
25.198410
25.211624
25.227988
25.247985
25.272268
25.301607
25.336833
25.378779
25.428211
25.485756
25.551849
25.626684
25.710180
25.801972
25.901416
26.007606
26.119411
26.235527
26.354531
26.474939
26.595259
26.714042
26.829927
26.941675
27.048191
27.148540
27.241950
27.327812
27.405670
27.475212
27.536245
27.588686
27.632536
27.667864
27.694792
27.713472
27.724079
27.726795
27.721794
27.709241
27.689280
27.662026
27.627565
27.585946
27.537174
27.481212
27.417972
27.347310
27.269027
27.182855
27.088459
26.985429
26.873280
26.751449
26.619299
26.476131
26.321201
26.153741
25.973011
25.778345
25.569228
25.345392
25.106926
24.854403
24.589028
24.312774
24.028517
23.740135
23.452559
23.171735
22.904497
22.658322
22.440959
22.259969
22.122187
22.033173
21.996722
22.014490
22.085788
22.207597
22.374780
22.580470
22.816593
23.074432
23.345188
23.620471
23.892693
24.155335
24.403103
24.631969
24.839137
25.022947
25.182738
25.318702
25.431722
25.523222
25.595033
25.649259
25.688176
25.714127
25.729450
25.736406
25.737125
25.733559
25.727457
25.720334
25.713466
25.707882
25.704370
25.703490
25.705593
25.710837
25.719218
25.730593
25.744705
25.761212
25.779707
25.799740
25.820839
25.842525
25.864321
25.885770
25.906436
25.925913
25.943833
25.959862
25.973707
25.985112
25.993861
25.999776
26.002714
26.002567
25.999255
25.992729
25.982964
25.969956
25.953721
25.934290
25.911705
25.886020
25.857292
25.825584
25.790960
25.753482
25.713212
25.670206
25.624513
25.576180
25.525244
25.471735
25.415678
25.357090
25.295984
25.232368
25.166248
25.097629
25.026519
24.952930
24.876885
24.798415
24.717568
24.634412
24.549038
24.461568
24.372154
24.280988
24.188301
24.094370
23.999519
23.904120
23.808595
23.713413
23.619091
23.526185
23.435288
23.347019
23.262012
23.180905
23.104328
23.032885
22.967143
22.907614
22.854740
22.808884
22.770314
22.739201
22.715607
22.699489
22.690695
22.688975
22.693984
22.705294
22.722410
22.744777
22.771805
22.802876
22.837362
22.874639
22.914101
22.955167
22.997293
23.039977
23.082768
23.125262
23.167112
23.208021
23.247745
23.286089
23.322904
23.358086
23.391568
23.423319
23.453337
23.481649
23.508303
23.533367
23.556924
23.579071
23.599911
23.619556
23.638124
23.655732
23.672500
23.688548
23.703994
23.718952
23.733528
23.747826
23.761943
23.775971
23.789997
23.804096
23.818341
23.832793
23.847504
23.862517
23.877869
23.893584
23.909679
23.926159
23.943021
23.960248
23.977812
23.995675
24.013784
24.032074
24.050465
24.068863
24.087159
24.105227
24.122924
24.140088
24.156542
24.172087
24.186503
24.199551
24.210973
24.220487
24.227793
24.232570
24.234479
24.233164
24.228255
24.219372
24.206130
24.188146
24.165044
24.136466
24.102083
24.061607
24.014806
23.961519
23.901673
23.835305
23.762576
23.683790
23.599414
23.510086
23.416625
23.320037
23.221506
23.122382
23.024157
22.928426
22.836852
22.751101
22.672790
22.603421
22.544315
22.496557
22.460943
22.437950
22.427705
22.429993
22.444268
22.469683
22.505145
22.549367
22.600935
22.658378
22.720225
22.785070
22.851626
22.918762
22.985537
23.051215
23.115273
23.177405
23.237509
23.295672
23.352149
23.407338
23.461747
23.515970
23.570656
23.626472
23.684074
23.744085
23.807068
23.873503
23.943769
24.018133
24.096740
24.179608
24.266630
24.357583
24.452130
24.549839
24.650196
24.752622
24.856484
24.961123
25.065866
25.170043
25.272999
25.374108
25.472784
25.568483
25.660716
25.749046
25.833097
25.912545
25.987128
26.056634
26.120909
26.179845
26.233387
26.281520
26.324277
26.361727
26.393980
26.421180
26.443509
26.461180
26.474435
26.483550
26.488824
26.490584
26.489177
26.484967
26.478333
26.469662
26.459342
26.447755
26.435273
26.422245
26.408993
26.395801
26.382910
26.370509
26.358733
26.347654
26.337288
26.327586
26.318443
26.309704
26.301169
26.292606
26.283761
26.274374
26.264193
26.252991
26.240579
26.226825
26.211664
26.195120
26.177307
26.158449
26.138881
26.119060
26.099566
26.081102
26.064492
26.050667
26.040656
26.035564
26.036543
26.044762
26.061359
26.087385
26.123761
26.171212
26.230207
26.300893
26.383038
26.475994
26.578648
26.689407
26.806181
26.926393
27.046991
27.164483
27.274973
27.374218
27.457685
27.520631
27.558197
27.565536
27.537967
27.471195
27.361582
27.206505
27.004780
26.757165
26.466890
