10 0.020205
20 0.036855
30 0.036339
40 0.035202
50 0.038526
60 0.029604
70 0.022322
80 0.022116
90 0.023621
100 0.021156
110 0.018630
120 0.012885
130 0.016341
140 0.016869
150 0.016555
160 0.016226
170 0.014093
180 0.013462
190 0.014752
200 0.014223
210 0.012515
220 0.012181
230 0.007680
240 0.010441
250 0.007200
260 0.009933
270 0.010750
280 0.010306
290 0.010826
300 0.010759
310 0.009431
320 0.009445
330 0.009389
340 0.007224
350 0.008499
360 0.007589
370 0.008298
380 0.008605
390 0.008758
400 0.008816
