10 0.372380
20 0.231972
30 0.189376
40 0.152438
50 0.228580
60 0.379656
70 0.373434
80 0.460420
90 0.531407
100 0.540482
110 0.579178
120 0.639085
130 0.702582
140 0.729210
150 0.741427
160 0.759508
170 0.788288
180 0.792184
190 0.789321
200 0.798997
210 0.813607
220 0.809483
230 0.823196
240 0.818237
250 0.798279
260 0.766568
270 0.770334
280 0.767313
290 0.749415
300 0.760193
310 0.768396
320 0.769626
330 0.768454
340 0.771292
350 0.777721
360 0.783779
370 0.778872
380 0.789508
390 0.791642
400 0.783603
