10 0.058903
20 0.082319
30 0.052087
40 0.041968
50 0.046283
60 0.051788
70 0.050390
80 0.037421
90 0.032335
100 0.032954
110 0.025415
120 0.023486
130 0.029199
140 0.028246
150 0.021506
160 0.020816
170 0.021518
180 0.021369
190 0.018734
200 0.020268
210 0.021230
220 0.016479
230 0.014867
240 0.016077
250 0.017044
260 0.016496
270 0.016891
280 0.012494
290 0.015597
300 0.012954
310 0.011991
320 0.012565
330 0.014070
340 0.011205
350 0.013494
360 0.012705
370 0.012649
380 0.010961
390 0.010216
400 0.010950
