0.000000
5.411476
12.595600
19.268014
21.634276
28.632909
38.465226
53.644817
62.775283
67.380778
75.068374
80.909314
94.557610
98.890495
105.081708
113.126703
116.042822
123.516998
133.923417
138.831153
150.323921
167.365746
176.588975
184.511848
195.336855
200.856688
210.059781
218.345080
230.155755
233.920784
237.011576
250.281464
258.551273
266.880386
274.657884
284.374585
293.124140
302.226679
309.894351
319.921554
330.705687
345.187807
349.853879
354.483592
368.999044
386.432924
390.034641
402.939242
416.034764
430.937794
433.689870
434.878559
447.852416
459.074092
469.717276
478.154772
491.107664
495.946654
498.817761
503.131335
505.729055
511.921221
518.772839
535.671960
538.804080
543.836731
549.978757
557.869156
563.204606
572.194130
578.964209
581.598982
585.359687
598.484680
606.776004
612.125567
619.275219
626.585825
638.403874
648.338970
659.874913
665.993077
672.982839
685.773220
695.138241
705.757848
716.674494
730.375704
743.060402
748.303083
753.631345
761.279073
771.898344
773.113137
788.685844
801.448516
804.250107
812.030715
818.118941
827.786047
835.297508
846.266969
853.182305
863.258823
868.972790
882.173380
895.722838
904.723438
914.448792
927.073024
937.220232
944.818331
950.157122
957.465368
975.010166
979.716186
991.736581
1000.997352
1009.416553
1018.929936
1029.463801
1040.192966
1041.055095
1058.637025
1064.078353
1070.562605
1087.999630
1094.609961
1110.309776
1116.753135
1122.678027
1132.115830
1147.730882
1159.673472
1167.071210
1173.080821
1178.944055
1190.682872
1198.597482
1218.618504
1225.589672
1227.354635
1235.107020
1238.153623
1254.643755
1259.005415
1268.987541
1270.416231
1274.539593
1281.479240
1291.060683
1304.825023
1318.886849
1323.443180
1338.543514
1345.968631
1354.551111
1360.458388
1362.932709
1372.191786
1377.489323
1385.159369
1398.544645
1405.801753
1412.955573
1419.754306
1433.975854
1439.068701
1447.998951
1456.797356
1466.968007
1474.013739
1484.448659
1491.610403
1496.109830
1510.183426
1515.809649
1519.981008
1527.053815
1541.416172
1560.616784
1567.013575
1577.960182
1580.696622
1590.305423
1601.671056
1606.635593
1613.808274
1624.427293
1632.868707
1647.258397
1662.108848
1671.244351
1677.719763
1681.196766
1691.790232
1707.176785
1718.839020
1721.798146
1735.487989
1746.934553
1756.337327
1763.581869
1775.640657
1781.053480
1791.898063
1806.440550
1812.113150
1816.346296
1819.942206
1833.233110
1842.214801
1843.701570
1862.301257
1865.863091
1874.599224
1881.122934
1891.220914
1895.688167
1899.855276
1911.490307
1918.243591
1931.789478
1938.016344
1944.130371
1960.228777
1967.811764
1971.198460
1974.256717
1989.686765
2005.958469
2013.015087
2021.326360
2033.394334
2041.864039
2050.375581
2054.683941
2066.997589
2077.560708
2084.767824
2096.536587
2103.093919
2111.736507
2130.825726
2136.749741
2148.649136
2163.128265
2169.288308
2177.134769
2188.327075
2205.233306
2207.330788
2216.901822
2225.660254
2235.292301
2250.683807
2254.400688
2255.310943
2260.808840
2266.198000
2276.895926
2286.612358
2292.352902
2297.573780
2309.045388
2317.533495
2329.621604
2336.668599
2344.807472
2350.471841
2363.887683
2375.654658
2376.559444
2381.275616
2393.065393
2400.190845
2409.121665
2418.873899
2420.939292
2434.078661
2440.003052
2457.650883
2468.157309
2476.188497
2481.836373
2487.529350
2498.538719
2506.696990
2508.086069
2513.903419
2525.694268
2533.676532
2547.720682
2555.391205
2570.585697
2572.142827
2578.443355
2584.983043
2593.774692
2601.965728
2611.401447
2629.055190
2632.713171
2638.192009
2646.753378
2650.478990
2655.154122
2657.396731
2661.408638
2669.649539
2682.677554
2694.668831
2701.573851
2710.287071
2726.921755
2729.150632
2732.209220
2733.424529
2744.683951
2768.013333
2773.714900
2791.874609
2795.006433
2803.224069
2813.846587
2832.154834
2836.280608
2851.264187
2854.210460
2863.027161
2869.652880
2879.121517
2889.738159
2895.102321
2903.561766
2914.581707
2920.674946
2925.211081
2927.859943
2930.115165
2942.784571
2946.640265
2955.367841
2966.660643
2970.048750
2979.629716
2986.845854
3000.267165
3002.035312
3013.281564
3019.622489
3028.230003
3039.588112
3040.442802
3045.325821
3050.755883
3062.887767
3071.593277
3076.125574
3083.943620
3094.194222
3095.863994
3102.981534
3112.362172
3120.951455
3136.177460
3156.731846
3166.048061
3174.578042
3179.778927
3186.320075
3199.332151
3203.207369
3217.172900
3220.254961
3232.851137
3253.375112
3260.232533
3261.902712
3268.028803
3280.370777
3301.985974
3309.326786
3321.365665
3328.791290
3348.766663
3354.976524
3367.989944
3372.157618
3380.550755
3395.939384
3396.961697
3402.304461
3411.714340
3430.561819
3440.355113
3450.012534
3457.392206
3466.107875
3472.414109
3482.432245
3484.765866
3487.236527
3496.168066
3506.132187
3510.466302
3532.027225
3538.932050
3540.092361
3546.238290
3555.273350
3559.880219
3561.878308
3566.387852
3580.405694
3583.000894
3597.259362
3598.139317
3599.388937
3607.361461
3626.182665
3636.105611
3641.340382
3651.596304
3657.330025
3669.696471
3681.861371
3688.355732
3693.476556
3700.379824
3713.460956
3726.945630
3735.519494
3750.189900
3764.534406
3769.145626
3774.050277
3778.006615
3787.500374
3792.637609
3800.645258
3808.756846
3816.649900
3837.273647
3843.365358
3852.417417
3867.304019
3875.737473
3885.278761
3892.484428
3907.159582
3912.981479
3925.089480
3934.306364
3943.290881
3952.814533
3952.998935
3953.174235
3963.525238
3967.769127
3980.695678
3993.954584
4004.561453
4010.737360
4020.889455
4024.191893
4030.861753
4039.651723
4043.437657
4049.867938
4058.674373
4072.144675
4076.723965
4091.311139
4096.714290
4106.230925
4122.833116
4131.059388
4135.642268
4139.805488
4153.870165
4163.333701
4172.988374
4183.398442
4199.607342
4211.455620
4216.400212
4229.598121
4236.906201
4249.228668
4256.979540
4271.352001
4279.481675
4286.713214
4293.239699
4296.337472
4307.410530
4316.240716
4326.122373
4336.460967
4347.264625
4353.694022
4361.722821
4366.516897
4381.201321
4390.368592
4399.774050
4410.761705
4416.601371
4431.221350
4439.611047
4447.206178
4455.071447
4457.751381
4462.475851
4470.667378
4480.105383
4485.762561
4492.028726
4499.240929
4504.138792
4508.638189
4515.582430
4528.080661
4537.901038
4545.205689
4551.632215
4554.846209
4560.635689
4576.563793
4579.776232
4589.705866
4600.508510
4606.936520
4617.784387
4627.911581
4644.084836
4644.933827
4646.235297
4657.018584
4661.393812
4665.029559
4680.778461
4688.740815
4703.190338
4706.047943
4711.571784
4723.061781
4726.149978
4733.574961
4740.007943
4744.667511
4754.426227
4760.010630
4768.724182
4773.470747
4774.828936
4777.665804
4783.504855
4798.308076
4802.508820
4807.136953
4822.797865
4831.467217
4833.556460
4839.240935
4843.890332
4855.367369
4856.498075
4860.493453
4877.789080
4889.918615
4898.943179
4905.543242
4914.052195
4921.466889
4926.193900
4932.953594
4935.572512
4941.637919
4950.043390
4953.961423
4956.243045
4967.377245
4971.549825
4973.362355
4976.644608
4991.797366
4994.525291
5006.627268
5014.332597
5026.742955
5029.731382
5030.998353
5043.357484
5048.481120
5057.974108
5068.403868
5078.997144
5091.381183
5103.433477
5119.628306
5124.969906
5127.888060
5143.040531
5155.152333
5157.231717
5162.313598
5167.192349
5169.320681
5177.365964
5198.098085
5208.730028
5210.497007
5217.089181
5223.404090
5235.587170
5244.390096
5261.025729
5264.409471
5270.890121
5278.857930
5287.387024
5304.053430
5308.515642
5319.758871
5332.503956
5339.183908
5354.479001
5360.742036
5366.770125
5376.822868
5387.072746
5399.480753
5405.559564
5419.039223
5432.508774
5436.475308
5440.390177
5446.953847
5452.112137
5459.445218
5467.909887
5475.049748
5483.545405
5501.867581
5503.611133
5507.536288
5521.628882
5532.398171
5546.429189
5551.061675
5558.271649
5567.620408
5572.685079
5575.127790
5587.996767
5598.123186
5608.914707
5623.004625
5638.348133
5644.662421
5655.154080
5662.860951
5671.057687
5676.182394
5683.522004
5692.956664
5699.965466
5709.368908
5710.984880
5717.072022
5733.237541
5738.902246
5742.155974
5752.218006
5768.314005
5773.148584
5784.712135
5794.413695
5802.167087
5807.130318
5823.588151
5828.887866
5834.676682
5838.686968
5848.319705
5861.478620
5868.520163
5881.923412
5883.983326
5891.395808
5898.485825
5902.467044
5918.141300
5928.132326
5940.859821
5948.160276
5956.628961
5966.147055
5973.414512
5984.690331
5991.434588
6002.963598
6014.970816
6019.977106
6033.838240
6046.626793
6057.058560
6061.510763
6070.132466
6082.102133
6084.890134
6098.248231
6109.528084
6115.293797
6124.880842
6132.288472
6135.607090
6145.210555
6152.628138
6160.641322
6172.446309
6178.499336
6183.946992
6193.817246
6206.340723
