10 0.078922
20 0.053921
30 0.036752
40 0.033571
50 0.031703
60 0.030191
70 0.027770
80 0.024508
90 0.021842
100 0.020337
110 0.019217
120 0.017627
130 0.015606
140 0.013855
150 0.012103
160 0.008917
170 0.005612
180 0.005660
190 0.006717
200 0.008871
210 0.010616
220 0.011466
230 0.011433
240 0.011296
250 0.011106
260 0.010779
270 0.010548
280 0.010067
290 0.009501
300 0.008784
310 0.008202
320 0.007824
330 0.006295
340 0.004962
350 0.006092
360 0.006058
370 0.006603
380 0.007322
390 0.007807
400 0.007947
